0 -0.788689 -0.175180 -2.938282 -27.130054 0.000000 -0.000005 -231.413299 0.015000 -0.000122 
1 -0.571940 0.410400 -106.461227 -4.776835 0.438704 -0.000213 -0.042448 -0.000317 0.000117 
2 -0.526228 -0.172354 -0.027813 -0.044339 7.833009 -1.347112 -0.023510 0.000003 -0.001201 
3 -0.493362 0.666172 -324.732116 -0.009689 0.760664 -0.000007 -0.138361 -0.000005 0.000005 
4 -0.485350 -0.002354 0.011468 -0.000000 -0.000001 0.000000 -0.213192 0.000115 0.000000 
5 -0.471868 0.000000 -17.372997 -2.170248 0.140573 -0.000225 -26.813892 0.027445 -0.000000 
6 -0.440978 -0.430570 -0.000416 -0.024361 -0.000024 0.000000 0.121611 0.002909 -0.785084 
7 -0.392360 -0.114955 -0.000859 0.000034 0.224291 -0.001202 -3.397624 0.000375 0.000000 
8 -0.387892 1.945401 -135.910980 -1.358769 1.173816 -0.000010 -0.001942 -0.000380 0.000392 
9 -0.383826 0.015240 -0.029117 -6.244067 125.652267 -0.000065 -13.767939 -0.000000 -0.000083 
10 -0.369164 0.231073 -0.060380 -0.988800 0.021767 -0.093323 0.000453 0.000381 0.000041 
11 -0.347048 0.187008 -13.251974 -16.887806 0.029051 -0.008525 -0.119353 0.202344 -0.000269 
12 -0.315758 0.000167 -0.006241 -2.657105 0.969472 -3.323128 -0.015389 -0.000081 0.001307 
13 -0.258786 48.736656 -80.192062 -2.158258 1.867953 -0.000000 -0.785708 0.046787 -0.020823 
14 -0.244477 23.763653 -0.192008 -0.007631 -0.000814 0.012282 74.845718 -9.786180 0.003403 
15 -0.229874 11.422819 -264.811706 -6.276931 0.335486 -0.009526 -0.035479 -0.003568 0.000001 
16 -0.218876 1.636184 -178.519134 -2.273122 0.436174 -0.000779 -25.119358 -0.000000 0.000000 
17 -0.209892 -0.014138 -0.000000 -0.067532 -0.055420 0.028135 -18.056454 -0.000000 -0.000001 
18 -0.192243 2.003232 -380.179626 -0.049936 1.284224 -0.004264 -0.072245 -0.000000 0.001484 
19 -0.184251 -0.117069 -0.002164 -0.001615 -0.000000 0.000000 3.482689 0.000001 -0.000314 
20 -0.178131 0.109863 -0.000001 -0.002024 0.002146 -0.000694 -0.080058 -0.000000 -0.000000 
21 -0.174775 -0.005051 -0.000002 -0.000043 -0.000000 0.000014 -0.000036 -0.000000 0.000448 
22 -0.166552 0.000069 -31.781063 -8.680223 0.089876 -0.021527 -0.052883 0.000550 -0.137199 
23 -0.154503 -0.000065 0.000000 -0.000240 0.074577 -2.453848 0.000176 -0.000509 0.000000 
24 -0.151037 -0.000000 -7.773044 -2.758057 0.275594 -0.171369 0.000020 -0.000097 0.033385 
25 -0.147261 0.008882 -16.268810 -1.641496 0.025851 -0.000003 -3.601929 0.005528 0.000000 
26 -0.144948 -0.000001 -0.001831 -0.351242 0.000593 -0.209904 0.000000 0.014850 -0.052537 
27 -0.144868 0.476160 -40.124809 -5.823071 44.608543 -6.282243 -0.024018 0.000008 0.000000 
28 -0.141031 116.562240 -1547.235593 -0.730789 0.000124 -0.000007 -0.000058 -0.000568 0.000000 
29 -0.133870 1.702489 -510.496032 -0.003827 1.817464 -0.005418 -0.503028 -0.000001 0.001936 
30 -0.133640 -0.183651 -0.007201 -1.842512 0.600088 -0.000000 -0.000000 -0.000002 0.000073 
31 -0.093918 -0.000035 -0.000437 -0.000008 0.000014 -0.106003 0.000020 0.047188 0.000000 
32 -0.091705 14.787619 -440.314147 -3.592481 0.155292 -0.000188 -6.908944 -0.000058 0.000000 
33 -0.090087 0.483930 -0.453686 -0.000010 0.009315 -0.012500 0.000033 0.000000 0.000033 
34 -0.089631 -0.056932 -0.129517 -6.984193 0.186483 -0.000003 -16.283329 0.411194 -0.013314 
35 -0.089421 0.000000 -0.000001 -0.000001 0.206202 -0.000000 0.000000 -0.001576 0.000001 
36 -0.083617 -0.000002 0.000000 -0.000000 -0.000000 0.000000 -0.005964 -0.000901 0.000175 
37 -0.077382 441.280700 -166.211639 -0.023558 -0.000071 0.000003 -41.989525 -0.000041 0.000000 
38 -0.075644 0.197863 -312.050964 -0.012766 0.850676 -0.000486 -0.002941 -0.000000 0.000932 
39 -0.074377 2.037178 -35.142036 -0.001130 0.000000 0.000333 -0.000000 -0.005464 0.000001 
40 -0.074272 0.000001 -44.400413 -0.000005 0.122248 -0.000000 -0.002999 -0.000455 0.000074 
41 -0.073836 -0.009949 -0.000496 -0.000087 0.027039 -0.013349 0.090801 0.000276 -0.183797 
42 -0.070225 -0.000000 -0.000002 -0.107203 0.000814 -0.000648 0.078386 -0.022935 0.005332 
43 -0.068493 0.000008 -0.000072 -0.000086 -0.049623 0.000001 -0.000000 0.000000 -0.020182 
44 -0.061803 -0.375594 -0.000284 -0.000000 0.008202 0.000000 0.000000 -0.000003 0.000000 
45 -0.061520 0.356138 -206.503997 0.000009 0.344326 -0.288120 -0.002604 -0.041263 0.060384 
46 -0.061425 -0.000000 -9.500265 -3.034569 0.013899 -0.033690 0.031565 0.000035 0.000195 
47 -0.060303 -0.000190 0.000003 -0.000000 20.738705 -0.569852 12.344324 0.000078 0.000264 
48 -0.057947 0.000717 0.000000 0.000000 0.013963 -0.024621 -0.000000 4.130563 -1.562920 
49 -0.057468 -0.489544 -0.825929 -3.852704 -0.000056 0.016053 -8.706373 0.009949 -0.055444 
50 -0.056189 0.000027 -0.000000 -0.000081 0.222460 -0.040856 -0.726196 0.113117 -0.320306 
51 -0.055811 0.000000 -0.013800 -5.054528 -0.000895 0.019369 -0.000000 -0.000000 0.000031 
52 -0.051336 0.000000 0.000000 0.000000 0.000180 -0.000000 0.000045 0.000038 -0.792160 
53 -0.051183 0.063568 -60.411034 -2.219689 0.104286 -0.439626 -0.000175 2.677690 -2.998545 
54 -0.050517 0.016637 -0.000002 -0.000056 -0.000056 0.000007 -0.000006 -0.000037 0.000114 
55 -0.046999 0.002979 -19.151241 -3.866177 0.000661 -0.000000 -0.036294 0.053777 -0.019475 
56 -0.046894 0.014781 -18.788876 -0.002529 0.000000 0.000005 0.019257 -0.000051 0.000054 
57 -0.045810 0.017631 -0.000000 -0.161958 -0.001469 0.000344 0.195449 -0.898868 0.000089 
58 -0.044207 -0.000000 -0.000000 -0.001895 -0.000010 0.000006 -0.391040 -0.000092 0.000234 
59 -0.043296 0.000000 -0.000059 -0.000002 0.026864 -0.057172 -9.241346 0.009264 -0.157745 
60 -0.042422 0.000000 -0.000064 -0.000103 -0.000000 0.000010 -0.000811 0.001933 -0.000000 
61 -0.040201 1.843857 -206.812164 -0.119073 -0.000161 0.000035 -0.000011 -0.063007 0.000112 
62 -0.037356 -0.000000 0.000000 0.000000 0.048837 -0.062015 -0.000278 0.026732 0.000012 
63 -0.037294 -0.062415 -0.000012 0.000039 -0.003128 0.000176 -1.637265 -0.000000 0.000011 
64 -0.034226 0.002204 -12.851622 -0.000085 0.014162 -1.798848 0.041061 -0.000000 0.000006 
65 -0.034106 -0.013462 -0.001317 -0.054978 -0.000246 -0.000016 -3.676473 0.113768 -0.113892 
66 -0.033560 1.281641 -97.233200 -3.137001 0.991440 -0.626136 0.005438 -5.217795 0.000384 
67 -0.033362 0.000018 -0.000035 -0.000000 0.119438 -0.003787 -7.158338 0.000001 -0.000937 
68 -0.033244 793.763059 -41.262871 -26.651592 0.080775 -0.043774 0.000000 -0.128710 0.000003 
69 -0.032521 -0.050098 -0.011976 -0.012143 0.050806 -0.000652 -6.290820 51.387016 -1.385776 
70 -0.032173 0.000047 -0.000002 -0.000011 -0.000226 0.000008 -0.000000 -0.000307 0.021984 
71 -0.031196 -0.001178 0.000000 -0.003587 0.887024 -0.057543 -0.319988 0.000487 -0.034101 
72 -0.030977 3.835922 -113.329208 -0.000002 7.718289 -9.984735 -0.000292 -0.000000 0.000179 
73 -0.030091 0.000000 -0.000001 0.000000 0.000001 -0.000000 -6.975509 0.000265 -0.036868 
74 -0.029847 -0.222415 -0.000487 -0.020105 -0.000000 0.008308 0.024697 0.019209 -0.064108 
75 -0.029797 0.209679 -532.971801 -0.000101 2.135960 -0.241580 -0.003291 0.120820 -0.249770 
76 -0.029182 0.000230 -7.356482 -0.002285 0.000000 -0.034445 -0.000000 0.236367 -0.658344 
77 -0.028605 0.024724 -0.010696 -0.000007 0.013519 -0.000000 -0.000000 -0.011584 0.000011 
78 -0.028146 -0.004157 -0.000448 -0.025580 0.000000 -0.013697 0.000000 -0.000005 0.000208 
79 -0.027764 0.000000 -0.000034 -0.000231 -0.000123 0.000465 -0.088350 -0.006795 0.000000 
80 -0.025136 -0.053464 -0.005125 -0.056861 0.026372 -0.035598 -0.694524 0.000002 0.000049 
81 -0.025039 -0.000000 -40.348961 -0.000343 2.019745 -0.071377 -0.200614 0.000007 -0.003596 
82 -0.023512 -0.017011 -0.000082 0.000001 0.003882 -0.000000 -1.276976 0.119740 -0.011200 
83 -0.023280 0.000000 -0.000000 0.009127 0.000007 -0.003665 -3.643952 0.000001 -0.029451 
84 -0.022579 15.120390 -583.030881 -0.425626 0.001495 -0.000452 0.000011 0.000014 0.000001 
85 -0.021674 -0.012097 -0.000612 -0.000000 0.000122 -0.000001 0.096658 0.000009 0.000866 
86 -0.021491 -0.000068 -0.000000 -0.018468 0.008822 -0.366070 -0.000043 -0.000001 0.001149 
87 -0.021268 0.000000 0.000000 0.000001 0.007544 -0.009884 0.028915 0.000001 0.000000 
88 -0.021168 0.000184 -0.001228 -2.122729 0.105468 -0.045442 -8.806372 -0.000000 0.000000 
89 -0.020353 0.000000 0.000025 -0.083380 0.000002 -0.021842 0.000021 0.000586 -0.016192 
90 -0.020284 -0.809312 -0.483688 -0.017228 -0.048954 -0.000000 -54.355736 -0.000000 -0.002495 
91 -0.020024 -0.000014 -0.002720 -2.812529 0.000137 0.000985 -0.000114 0.000582 0.000001 
92 -0.019642 0.044730 -106.146103 -4.743667 0.000060 -0.028556 -5.960433 25.411983 -0.060109 
93 -0.018848 -0.000221 0.000000 0.000050 -0.000219 0.001436 -0.000001 0.000032 0.000006 
94 -0.018401 10.220518 -549.126098 -0.000983 0.012017 -0.002696 -0.000115 -0.000001 0.000000 
95 -0.015772 -0.015241 -0.000037 -0.045019 -0.000000 0.000001 -0.028459 0.747804 -1.987592 
96 -0.015042 -0.000000 -0.000028 -0.013073 0.000000 0.000154 -0.165682 -0.003490 0.000015 
97 -0.014992 -0.134354 -0.026709 -0.030842 0.000039 -0.007333 -0.013673 0.015242 -0.004761 
98 -0.014601 0.084700 -120.911422 -0.634128 -0.000000 -0.000000 -0.001037 2.051137 -0.140903 
99 -0.014598 0.027526 -0.000000 0.000002 53.320076 -0.307716 -0.000661 -0.749824 0.000000 
100 -0.014152 0.000000 0.000000 -0.113587 2.958241 -2.043408 -0.022285 -0.000036 0.000076 
101 -0.012487 -0.000039 -0.003577 0.000193 0.000279 -0.061595 -0.000000 0.000002 0.000000 
102 -0.012277 -0.000001 -0.000269 -0.000153 0.145579 -0.051896 -0.000834 0.000177 -0.025425 
103 -0.011378 -0.000000 0.000010 0.000000 -0.000000 0.000000 0.000000 0.000112 -0.053095 
104 -0.011369 -0.720340 -0.000360 -0.001928 0.000006 -0.039140 -0.001943 0.481160 -0.266742 
105 -0.011106 8.624834 -662.484984 -0.193117 0.000161 -0.249285 -10.815687 0.458952 -0.173697 
106 -0.011004 7.959123 -185.820770 -0.000178 0.084377 -1.713136 0.000000 -0.015583 0.000246 
107 -0.010532 -0.007784 -0.000708 0.000005 2.464360 -0.021187 -0.201861 0.000046 0.000000 
108 -0.010390 -0.000000 -0.117848 0.008950 0.000709 0.000000 0.042882 -0.030256 0.003187 
109 -0.010362 -0.003798 -0.000002 -0.001373 -0.000000 0.000000 -0.000106 1.811024 -1.463608 
110 -0.010294 0.000321 -0.000000 -0.027139 0.000001 0.000001 -0.000007 0.000000 -0.013828 
111 -0.010264 -0.014026 -0.000003 -0.001670 0.028511 -0.219702 -0.183800 6.042113 -0.186713 
112 -0.010016 -0.001710 -0.000000 -0.000121 8.275526 -6.884931 -0.083672 0.002945 0.000002 
113 -0.009976 -0.051168 -5.549491 -0.000883 0.000116 -0.042978 -0.000009 0.000000 0.000004 
114 -0.009817 -0.112956 0.000011 0.000050 -0.000000 -0.000000 -0.026690 -0.002817 0.000456 
115 -0.009565 0.000112 0.000000 -0.000000 0.000378 0.000000 3.754784 0.000000 0.000002 
116 -0.009494 0.000000 -0.006477 -0.000000 0.000236 0.000000 -0.000178 -0.000000 0.000423 
117 -0.009441 -0.000002 -0.000120 -0.000145 0.160299 -0.025636 -0.015037 0.000002 0.000000 
118 -0.009192 0.000000 0.000056 0.000000 0.011997 -0.003810 0.010161 0.000000 0.000093 
119 -0.009003 0.000000 -0.000004 -0.000004 0.000005 -0.000826 -0.802660 0.000000 -0.009044 
120 -0.008779 -0.039185 0.000000 0.091454 -0.000024 0.000018 -0.000035 0.008746 -0.249405 
121 -0.008374 -0.031172 0.000011 0.000000 1.007969 -2.651560 -162.836029 0.000011 0.000000 
122 -0.008227 -0.001134 -0.000000 0.002786 0.000049 -0.000670 -0.249754 -0.015173 0.000118 
123 -0.008131 -0.000000 -0.001091 -0.042253 -0.002201 0.000000 -0.029508 -0.005910 0.000001 
124 -0.006580 0.922120 -437.605530 -0.003159 0.113939 -0.117124 0.000000 -0.001510 0.000012 
125 -0.006504 0.000000 -0.000255 0.002920 0.064504 -0.000001 0.000000 0.156077 0.000000 
126 -0.006489 0.001613 -0.005520 -0.000227 -0.000000 0.000269 -0.000066 0.000000 0.000001 
127 -0.006339 0.885684 -180.825104 -0.000341 0.000002 -0.000000 -0.000000 -0.054584 0.000013 
128 -0.006317 -0.266720 -0.000449 -0.081909 2.121257 -0.039457 -0.100343 8.319651 -3.796624 
129 -0.005722 -0.000000 0.028182 0.000000 0.010619 -0.060360 -66.449936 0.083275 -0.118321 
130 -0.005688 0.000064 -0.000000 -0.000001 0.168960 -0.593104 -6.949443 1.484896 -0.757780 
131 -0.005228 -0.000001 -0.000000 -0.000123 0.028022 -0.094820 0.012661 -0.000089 0.000330 
132 -0.005179 0.000002 0.000016 0.000000 0.000805 0.000000 0.000051 0.000004 -0.076922 
133 -0.004760 0.000000 -0.000003 -0.010546 0.100598 -0.049278 -0.229259 0.043198 -0.127400 
134 -0.004692 0.000065 -0.000026 -0.000727 0.000000 0.000460 -0.000001 -0.019278 0.000001 
135 -0.004156 0.007665 -0.008554 -0.004865 0.519956 -6.994832 -0.000380 -0.000000 -0.026094 
136 -0.003874 -0.000000 0.000000 -0.001318 0.017956 -0.033403 -0.000000 -0.000000 0.000000 
137 -0.003852 7.934436 -50.384666 -0.042091 22.719105 -3.083865 -0.000117 0.000000 -0.009680 
138 -0.003786 0.000000 -0.000000 0.000000 -0.000001 0.001407 0.000000 -0.000037 0.000003 
139 -0.003609 -0.000300 0.000006 0.000327 0.087582 -0.277352 -0.107571 0.000009 -0.001792 
140 -0.003503 -0.026885 -0.000002 -0.000012 0.462390 -0.040856 -4.502082 0.223858 -0.077051 
141 -0.003356 -1.737512 -0.000215 -0.346950 0.448970 -0.450210 -14.503561 107.708175 -0.259410 
142 -0.003089 -0.020627 -0.000000 -0.000000 0.000047 -0.001014 -1.877768 0.000001 -0.013633 
143 -0.003088 -0.015460 -0.000038 -0.026914 -0.000416 0.010478 0.000000 -0.457426 0.000539 
144 -0.003021 -0.011801 -0.000240 -0.001053 0.001772 -0.152554 -0.000000 0.002960 -0.199454 
145 -0.002903 -0.031942 -0.000000 0.000000 0.000381 -0.000000 -0.007185 -0.000071 0.000000 
146 -0.002807 0.005509 0.000001 -0.002230 0.028942 -0.000001 -0.014581 -0.000000 0.000002 
147 -0.002721 -0.028527 -0.000005 -0.061214 2.259521 -0.001541 -7.116017 -0.010222 0.000001 
148 -0.002720 -0.084932 -0.000001 -0.000347 0.000016 -0.000000 151.739410 -0.000000 0.027010 
149 -0.002638 -0.052898 -0.000151 -0.000050 0.000000 0.000000 -0.000313 0.023120 -1.302104 
150 -0.002404 0.000578 -0.000059 0.000000 0.000379 0.000003 0.403640 -0.000105 0.000001 
151 -0.002356 -0.025746 -0.000001 -0.000000 0.000000 0.000000 -0.007208 0.000003 0.000000 
152 -0.002311 -0.000035 0.000000 0.000000 -0.000000 0.000004 0.000000 -0.000001 0.015218 
153 -0.002131 0.156182 -573.871212 -0.000000 -0.000000 0.000043 -0.000290 -0.002494 0.000048 
154 -0.001843 -0.000167 -0.002609 -0.002191 0.079141 -0.373954 -11.513250 6.594977 -1.243192 
155 -0.001762 -0.001316 -0.000020 -0.111875 0.098770 -0.029063 0.002343 0.007204 0.000001 
156 -0.001580 0.000293 -0.000673 0.014912 0.000007 -0.000000 0.000679 -0.000035 0.000106 
157 -0.001526 -0.013188 -0.000000 -0.000005 0.047634 -2.292136 -7.305587 -0.000001 -0.012303 
158 -0.001450 -0.004294 0.000000 -0.000000 0.000000 0.000003 -0.290422 0.127708 -0.281290 
159 -0.001434 0.056002 -57.036537 -0.000000 0.039395 -0.026305 0.000198 -0.000591 0.005915 
160 -0.001404 0.008014 -0.000000 -0.000461 -0.016113 0.000007 0.000004 0.000000 0.000000 
161 -0.001382 -0.000000 -0.011290 0.000000 0.024932 -0.045713 0.048270 -0.000115 0.001061 
162 -0.001359 -0.000000 -0.000005 -0.013969 0.937488 -2.271489 -0.000000 -0.167232 0.008250 
163 -0.001283 0.000002 -14.015944 -0.056167 0.960228 -0.017339 -18.839306 116.657211 -3.794425 
164 -0.001259 -0.000001 0.000000 0.000290 0.005577 -0.000000 0.000279 -0.000000 0.000002 
165 -0.001253 31.084743 -1205.047115 -0.000523 -0.011884 0.008061 -2.545745 0.001600 -0.005775 
166 -0.001230 -0.000000 -0.000169 -0.482394 -0.001257 0.000923 -0.312510 -0.000002 -0.002238 
167 -0.001180 -0.009388 -0.000187 -0.000699 0.029234 -0.102554 -1.157641 10.046118 -1.478529 
168 -0.001060 -0.011095 0.000108 0.808704 0.354660 -0.401520 -42.387108 0.012638 -0.116920 
169 -0.001002 -0.000000 -0.000016 -0.674837 0.019117 -0.008184 0.000000 0.002022 -0.369936 
170 -0.000980 0.000000 -0.000000 0.000000 0.251522 -0.476704 -0.000000 0.000109 -0.046454 
171 -0.000954 -0.000582 -0.000141 0.000000 0.114768 -0.015251 -0.001038 0.000000 0.000000 
172 -0.000936 -0.000005 -0.006222 -0.000663 0.050450 -0.070919 -0.000000 0.019401 -0.011332 
173 -0.000899 -0.000061 -0.001481 -3.592626 0.000000 -0.009432 -14.770468 0.015011 -0.004544 
174 -0.000827 -0.257786 0.000000 -0.000005 0.000321 -0.021658 -13.712744 5.292113 -0.374410 
175 -0.000823 -0.004393 0.000820 -0.000000 0.166790 -0.000000 -4.741969 0.000400 0.000000 
176 -0.000815 0.000072 -0.000000 0.000003 0.011741 -0.216118 0.016604 -0.000000 0.000049 
177 -0.000807 0.000000 -0.002981 -0.001757 0.000221 0.000000 0.000003 0.000000 0.005768 
178 -0.000776 -0.001035 -0.000000 1.610665 0.014914 -0.179995 55.081093 0.000847 0.000016 
179 -0.000771 -0.691308 -0.003309 -0.023168 0.000799 -0.100323 -0.504100 0.001812 -0.039750 
180 -0.000761 0.000000 0.000000 0.000000 0.000062 -0.000001 -0.041135 0.000009 -0.053447 
181 -0.000741 -1.438729 -0.000101 0.000000 0.026631 -0.730088 -4.829089 2.256761 -0.028905 
182 -0.000692 0.000202 -0.000000 -0.000013 0.020169 -0.040231 0.041842 0.000000 0.000000 
183 -0.000684 -0.000002 -0.000000 -0.000000 0.000003 -0.009586 -0.000000 0.000241 -0.003629 
184 -0.000663 -0.046012 -6.107570 -0.017873 -0.000128 0.210711 0.315562 -0.165312 0.000000 
185 -0.000659 -0.140581 -0.000219 -0.000003 0.000000 0.000004 -0.074738 -0.000423 0.000008 
186 -0.000634 -0.104990 -0.000000 -0.002219 -0.000103 0.000357 -41.834892 0.000001 0.000000 
187 -0.000632 0.002905 -11.451555 0.000257 0.054455 -0.243879 -0.360634 -0.000015 0.000010 
188 -0.000627 -0.035784 -0.000000 -0.000000 0.084590 -0.006921 -13.460585 2.105833 -0.027572 
189 -0.000624 0.083518 -0.000000 -0.000002 -0.000410 0.024914 0.000221 -0.030885 0.000052 
190 -0.000624 -0.000000 -0.003604 -0.015206 0.001918 -0.003697 -0.000000 0.044521 0.000001 
191 -0.000574 -0.000000 0.000000 -0.000000 -0.001532 0.061296 0.000001 0.000000 0.000005 
192 -0.000556 -0.000410 0.000000 0.000000 0.000000 -0.020293 -0.000002 2.600378 -0.198640 
193 -0.000540 -0.000007 0.000000 -0.000002 2.218832 -0.100193 -2.159378 0.011774 -0.125375 
194 -0.000534 -0.000000 -0.000000 -0.000011 0.020541 -0.000000 -0.000188 0.014830 -0.440382 
195 -0.000431 -0.027667 0.000000 0.000000 0.027158 -1.605344 0.000000 0.000000 0.000005 
196 -0.000419 -0.000001 -0.000000 -0.000001 0.130660 -0.012145 -30.227589 0.000015 -0.000526 
197 -0.000392 -0.000366 -0.001912 -0.043118 -0.000000 0.000060 -0.000000 -0.052904 0.000336 
198 -0.000380 0.010564 -0.000000 -0.000787 14.649057 -6.606961 0.000022 0.003661 0.000003 
199 -0.000379 -0.522480 -0.000000 0.000000 0.014955 -0.424140 0.000483 0.000256 0.000001 
200 -0.000348 -0.004600 -0.000031 0.000353 0.002070 -0.231316 0.121391 -0.030364 0.001484 
201 -0.000343 0.000117 0.000033 -0.000003 -0.000000 0.000593 0.051558 0.000128 0.001220 
202 -0.000321 -0.211020 -0.348638 -0.000049 0.025658 -0.000911 -0.001553 0.003065 0.000001 
203 -0.000309 0.119789 -0.007593 -5.261458 0.000000 -0.034336 -0.000369 2.813066 -0.803924 
204 -0.000303 -0.007897 -0.000000 -0.000000 0.000419 0.000020 0.000000 -0.045320 0.044524 
205 -0.000284 -0.017832 0.000000 0.033582 0.000000 0.000000 0.004235 -0.000000 -0.000818 
206 -0.000266 -0.001734 0.000379 0.000068 0.000043 -0.053958 -0.000005 0.112809 -2.062960 
207 -0.000266 -0.000019 -0.000007 0.018846 0.056646 -0.023405 -0.006223 0.018198 -0.020150 
208 -0.000259 -0.014249 -0.000001 -0.000000 0.007908 -0.036058 -2.339754 15.884390 -1.647672 
209 -0.000243 -0.000087 -0.000000 0.010970 0.000000 0.000623 0.000145 -0.000008 0.006641 
210 -0.000236 1.188792 -0.005174 -0.000678 -0.003137 0.051568 0.000002 -0.000051 -0.008918 
211 -0.000224 0.076821 -0.000057 -0.032881 0.001797 -0.033322 0.000011 -4.881652 0.000163 
212 -0.000219 -0.000000 -0.000054 -0.000402 0.005922 -0.001419 -0.018491 0.000004 -0.016139 
213 -0.000212 0.000258 0.000000 -0.013592 0.000096 0.000083 0.000234 -0.021079 0.000001 
214 -0.000200 -0.208201 -0.352140 -0.004311 0.008959 -0.117368 -0.260628 0.003645 0.000000 
215 -0.000186 -0.056367 -0.000000 -0.113476 0.000001 0.000000 -0.053343 3.769721 -2.935177 
216 -0.000184 -0.000000 0.000000 -0.018253 0.000000 0.000950 0.000006 -0.119024 0.000006 
217 -0.000173 -0.005066 0.000013 0.001477 0.000233 -0.325630 -0.000104 -0.000000 0.000001 
218 -0.000173 -0.022438 0.000000 0.000010 0.013704 0.000001 0.018049 -0.256474 0.001391 
219 -0.000171 -0.000000 -0.000207 -0.000159 -0.000873 0.000000 -0.000000 -0.000002 0.000001 
220 -0.000170 -0.000084 -0.000058 -0.000310 -0.009966 0.000001 -0.000007 -0.000000 0.000000 
221 -0.000157 0.000013 0.000000 1.163032 13.989473 -0.035181 -47.911308 0.014388 -0.004560 
222 -0.000155 -0.000009 0.000000 0.003556 0.000048 -0.000000 2.379881 -0.654648 0.010842 
223 -0.000154 0.253772 -36.504082 -0.116677 -0.000000 0.000052 -0.000000 0.000000 -0.025868 
224 -0.000146 -0.000059 -0.000985 0.001791 0.001280 -0.008152 -0.000313 0.000004 -0.051206 
225 -0.000134 -0.000036 0.000000 -0.000004 0.000005 -0.000000 -0.005974 0.000065 0.000002 
226 -0.000130 0.000547 -0.000000 -0.000423 1.101328 -2.628481 -0.000128 0.000002 -0.021972 
227 -0.000129 0.000699 -0.000079 -0.006191 0.206455 -2.974377 0.000000 -0.964704 0.000011 
228 -0.000128 0.048303 -0.011185 -0.000000 0.000003 -0.003706 0.009691 -0.000709 0.000001 
229 -0.000127 0.000000 -0.001916 -0.000072 0.000008 0.000000 0.077609 0.000477 -0.002054 
230 -0.000126 -0.000317 -0.000000 0.011171 0.409024 -0.002724 -0.000010 0.182166 -0.051475 
231 -0.000111 14.734213 -121.324570 0.000001 -0.000297 0.012269 -0.000007 0.000000 0.000000 
232 -0.000110 0.000000 -0.000000 -0.000014 -0.003116 0.000612 -0.083471 0.000000 0.001505 
233 -0.000099 -0.109920 -0.641512 -0.040069 0.000000 -0.001012 0.000000 0.000005 -0.044754 
234 -0.000099 0.026395 -0.000035 -0.000000 0.000014 0.000006 -0.000000 -0.000000 0.000074 
235 -0.000098 -1.065057 -0.000027 -0.035961 0.000000 -0.000000 -0.000000 0.368492 -0.263588 
236 -0.000093 -0.383966 -0.000001 -0.006129 0.030696 -0.094866 -0.390696 0.617196 -1.206945 
237 -0.000089 -0.000216 -0.000020 0.000006 0.001419 0.000002 0.000000 -0.024079 0.000228 
238 -0.000088 0.005066 0.000000 -0.316642 -0.000000 0.000004 0.010172 -0.000080 0.000003 
239 -0.000078 -0.000000 0.000048 -0.000000 0.000000 0.005043 0.007289 -0.183322 0.000006 
240 -0.000077 -0.000000 0.000032 0.225196 0.098823 -0.713780 0.012008 -0.056786 0.000594 
241 -0.000072 -0.002292 -0.000000 -1.248633 0.169733 -0.009284 -0.054795 -0.014319 0.000144 
242 -0.000071 0.000064 -0.000000 -0.000011 0.090182 -0.892732 -0.330532 0.000141 -0.010083 
243 -0.000060 -0.094830 -0.000000 -0.000000 25.424267 -5.384145 -0.000007 -0.017511 0.000000 
244 -0.000059 -0.000717 -0.000000 -0.000279 -0.000955 0.046658 1.038248 0.673365 -1.945960 
245 -0.000057 1.397481 -761.773071 -0.015518 -0.000014 0.000129 -0.094572 0.001034 0.000000 
246 -0.000055 -0.014717 -0.000265 -0.007185 -0.000000 0.000235 -0.962176 -0.102955 0.002354 
247 -0.000051 -0.366056 -0.000005 0.000000 0.089217 -0.014966 0.005126 -0.000002 0.000046 
248 -0.000049 -0.000051 0.000003 -0.001483 -0.491688 0.001032 -2.076249 -0.000000 -0.000000 
249 -0.000048 -0.000238 -0.000000 0.000001 0.003711 0.000000 -0.017312 0.017770 -1.262264 
250 -0.000047 -0.380978 -0.000001 -0.000221 0.000000 -0.041404 -0.001947 0.013539 -0.042067 
251 -0.000047 -0.000036 0.001409 0.007194 3.114130 -0.035593 0.000232 -0.000000 0.000000 
252 -0.000045 -0.001601 -0.000711 -0.219373 0.002646 0.000002 0.000001 0.000038 -0.000611 
253 -0.000044 -0.069701 -0.000543 0.000000 0.000000 0.000020 0.003385 0.000000 -0.040296 
254 -0.000040 0.000003 0.000000 -0.027833 0.123413 -1.112096 -0.029333 -2.127553 0.000120 
255 -0.000038 -0.000000 0.000000 -0.000035 0.000002 0.000498 0.000012 -0.118107 0.042405 
256 -0.000037 -0.004777 -0.000000 0.406630 0.000000 -0.000000 -0.040996 -0.000000 0.027726 
257 -0.000037 -0.223256 -0.000116 -0.024308 0.000002 -0.000000 -0.419914 4.167441 -2.900361 
258 -0.000036 0.014883 -74.220566 -0.862828 0.003133 -0.004862 -0.299664 -0.000000 -0.015921 
259 -0.000034 0.000000 -0.000000 0.012624 -0.000000 0.000000 0.133694 -0.000675 0.000220 
260 -0.000030 0.014558 -20.314365 -0.000498 0.000000 0.027290 0.096044 -0.071168 0.000604 
261 -0.000029 0.043121 -0.000000 -0.024578 -0.000000 0.000890 0.007621 -0.010575 0.000000 
262 -0.000026 0.438392 -337.421446 -0.007553 -0.026785 0.000106 -11.212614 0.000003 0.000059 
263 -0.000026 -0.000091 0.000000 -0.000000 0.324634 -0.114448 -3.013713 0.750752 -0.231838 
264 -0.000025 -0.000088 0.000000 -0.000001 -0.000000 0.000404 0.236862 -0.022510 0.000571 
265 -0.000024 -0.000000 0.000000 0.000036 0.663148 -0.450004 -0.021063 0.002367 0.000061 
266 -0.000024 0.000005 0.000000 0.000451 -0.001283 0.000000 0.000001 0.000000 0.000404 
267 -0.000024 0.000000 -0.009478 -0.000460 0.116233 -0.000646 0.000403 0.000000 0.000000 
268 -0.000024 0.000013 0.000001 2.857489 0.000000 -0.075389 -0.000006 0.000044 -0.029612 
269 -0.000022 0.002994 -0.007465 0.000139 0.018457 0.000024 0.063000 0.000000 0.000042 
270 -0.000021 -0.000001 0.000003 0.000001 0.009250 -0.151074 0.000000 0.000000 0.000014 
271 -0.000021 0.000000 -0.000048 -0.003366 0.000003 -0.000000 0.000019 -0.014272 0.000005 
272 -0.000019 0.000075 -0.009410 -0.000164 0.000000 0.000059 -0.042410 1.918705 -0.608172 
273 -0.000017 -0.123889 -0.000007 -0.000000 -0.000007 0.060935 -0.000001 0.037988 -0.828716 
274 -0.000017 -0.000476 0.000095 0.062515 0.000000 -0.000000 -3.715585 0.110757 -0.000000 
275 -0.000015 6.038196 -1099.474854 -0.000001 0.022603 -0.497090 0.174800 -0.012602 0.012055 
276 -0.000014 0.000000 -0.000000 0.000000 0.000017 -0.009104 -0.061990 0.003109 -0.032063 
277 -0.000014 -0.002127 0.000000 0.000026 0.000000 0.000381 0.000002 -0.002832 0.000000 
278 -0.000012 235.976715 -86.599960 -0.026778 -0.000000 0.097755 0.000004 -0.011710 0.000190 
279 -0.000012 0.000001 0.000003 -0.000000 0.000000 -0.000000 41.377419 -0.000000 0.000000 
280 -0.000011 -0.040540 -0.000000 0.026881 -0.000000 0.002805 -0.186868 -0.000000 0.000000 
281 -0.000011 0.000000 -0.139538 -0.000000 0.000000 0.000177 -0.000000 0.757984 -0.323460 
282 -0.000010 -0.000002 -0.000000 0.000118 -0.000000 -0.014188 1.910224 -0.000655 0.000078 
283 -0.000010 -0.003919 0.001417 0.014006 -0.000000 -0.000000 -0.005097 0.000222 -0.027392 
284 -0.000009 -0.020453 -0.000000 -0.000000 0.000011 -0.039246 -2.021337 0.007870 -0.056562 
285 -0.000009 -0.000000 0.000000 0.000000 -0.000003 0.000000 -0.000067 0.000000 0.029908 
286 -0.000009 603.779663 -347.142273 -0.001516 0.108360 -1.580048 0.000001 -0.017900 0.016087 
287 -0.000007 -0.425044 -0.000372 -0.012843 0.372568 -0.026876 -1.676377 0.303684 -0.079547 
288 -0.000007 -0.000773 -0.000004 -0.000000 0.000000 0.000053 0.025217 -0.000000 0.000003 
289 -0.000007 -0.002050 -0.000737 0.000000 -0.000001 0.052660 -0.235605 -0.003249 0.000000 
290 -0.000007 0.000000 0.000103 0.000000 0.933628 -0.009987 -0.000162 0.000218 0.000000 
291 -0.000007 -0.000007 0.000000 0.043907 0.003251 -0.015237 -0.130692 0.000004 -0.000000 
292 -0.000007 0.000000 0.000000 0.010446 0.000000 -0.000000 -0.000000 0.000000 0.000000 
293 -0.000006 0.000000 0.000029 0.000000 0.000368 -0.021519 -0.000039 -0.000066 -0.001614 
294 -0.000005 -0.000000 -0.001068 -0.002176 24.151997 -3.817809 -1.293081 -0.000000 0.000000 
295 -0.000005 0.938472 -63.629066 -0.001712 -0.000000 0.000288 -0.000000 0.000000 -0.000751 
296 -0.000005 2.056193 -43.540108 -0.000027 0.000000 0.000761 0.488460 -0.000069 0.024363 
297 -0.000004 -0.000312 0.000002 0.078863 0.004132 -0.035522 -0.002833 0.026080 -0.121845 
298 -0.000004 0.298272 -123.192093 -0.000000 4.591935 -0.802292 -0.000157 0.013888 -0.000348 
299 -0.000003 0.000000 0.000074 0.000022 -0.000003 0.000000 -0.000000 0.000773 -0.324664 
300 -0.000003 -0.000569 0.000000 -0.000001 0.000402 0.000000 0.000000 -0.000000 0.000000 
301 -0.000003 -0.000040 -0.000000 -0.000253 0.056052 -0.000001 0.012637 -0.000000 0.000002 
302 -0.000003 0.069258 -0.000155 -0.003484 0.001657 -0.371112 -3.485977 1.192488 -0.117372 
303 -0.000003 -0.008743 -0.000045 -0.024234 0.407946 -3.440201 -0.060888 2.339976 -1.505345 
304 -0.000003 -0.006365 -0.000405 -0.000002 0.797096 -0.859656 0.000000 -7.569652 0.010651 
305 -0.000003 -0.021119 -0.000001 0.062299 0.017232 -0.202259 -0.001753 -0.000087 0.000000 
306 -0.000003 -0.000451 0.000000 0.000045 0.000000 -0.000000 -0.000000 0.012320 -0.075865 
307 -0.000003 0.002544 -0.003335 -10.759104 0.918156 -0.002432 -0.780188 -0.005629 0.000014 
308 -0.000002 -0.100531 -0.000020 -0.000000 2.122056 -0.967492 11.806849 0.000016 0.001075 
309 -0.000002 202.655365 -1071.761955 -0.102809 1.470632 -3.847609 101.266678 -0.437204 0.000132 
310 -0.000002 -0.007038 -0.000000 1.180945 0.058938 -0.040947 0.000000 -0.000001 0.000031 
311 -0.000002 0.000022 -0.000000 -0.000205 0.000153 0.000065 0.000019 -0.000521 0.000101 
312 -0.000002 -0.007658 -0.001959 0.000006 0.262732 -0.000475 -0.000001 -0.000000 0.000033 
313 -0.000002 -0.029262 -0.000734 -0.000000 0.042065 -0.061675 0.475346 -0.000000 0.000001 
314 -0.000002 0.049274 -0.013075 -0.000118 0.457572 -1.770176 -0.004617 -0.000000 0.001730 
315 -0.000002 -0.000022 0.000000 0.000098 0.790092 -0.000000 0.001175 -0.000000 0.000006 
316 -0.000002 -0.066296 -0.000001 -0.000000 0.265490 -0.017098 0.000118 0.000000 0.000017 
317 -0.000002 -0.038714 -0.000000 1.540208 -0.000417 0.000003 -0.000477 0.000000 0.000008 
318 -0.000001 -0.000000 -0.000009 -0.017543 -0.000002 0.010281 -0.023884 -0.000001 0.000487 
319 -0.000001 -0.000000 -0.000000 -0.000082 14.393187 -2.882800 0.216443 0.000003 0.000323 
320 -0.000001 -0.008880 -0.000194 -0.035980 0.013457 -0.021069 -1.316392 0.008785 -0.007568 
321 -0.000001 28.155910 -112.458542 -0.054835 0.201822 -0.043824 -12.902884 50.328728 -0.468606 
322 -0.000001 -0.015549 -0.011717 0.000233 0.000000 -0.000000 0.000110 -0.021693 0.012061 
323 -0.000001 -0.011728 -0.000002 -0.103049 4.505553 -7.490209 0.000000 -0.000399 0.000000 
324 -0.000001 132.252777 -610.110713 -6.984195 5.760560 -4.312287 -0.000688 -0.002156 -0.001910 
325 -0.000001 0.000185 0.000000 0.003478 0.023230 -2.069176 -1.964737 0.000000 -0.002631 
326 -0.000001 0.000000 -0.000000 -0.000027 -0.000179 0.000133 0.000117 -0.316158 0.000412 
327 -0.000001 0.181931 -0.002825 0.022607 0.012619 -0.000000 0.000000 0.000037 0.000779 
328 -0.000001 -0.031480 -0.000000 -0.002198 0.000021 -0.056838 -0.000052 0.000000 -0.040015 
329 -0.000001 0.000000 0.000000 -0.000001 -0.000036 0.003222 -0.025861 -0.000042 0.000000 
330 -0.000001 0.000000 0.000001 -0.000000 0.007727 -0.626784 -0.000001 -0.000000 0.015817 
331 -0.000001 -0.000003 0.000009 -0.000000 0.173421 -3.717600 0.165444 -0.074959 0.015309 
332 -0.000001 -0.153168 -0.000001 -0.000076 -0.000096 0.011210 -0.000000 -0.000003 0.000007 
333 -0.000001 0.034601 0.000000 -0.000002 1.528368 -3.102168 2.762257 -0.000011 0.040065 
334 -0.000001 -0.012809 0.000000 0.016344 0.000366 -0.000000 -0.000000 0.000053 -0.003434 
335 -0.000000 6.777455 -1009.418579 0.000779 4.243615 -0.300960 0.008410 -0.708080 0.012056 
336 -0.000000 0.000712 -0.000433 -0.134240 -0.000000 0.000019 0.004611 -0.112971 0.000050 
337 -0.000000 -0.000000 -0.000000 0.000000 -0.000013 0.001421 0.030710 -0.000418 0.027431 
338 -0.000000 0.000038 0.000000 0.000000 0.003289 -0.000000 -0.005424 0.001287 -0.015300 
339 -0.000000 0.000160 0.000027 -0.000002 0.214244 -0.397496 -0.412284 2.626417 -5.152993 
340 -0.000000 -0.000000 0.000000 -0.013461 -0.000121 -0.000000 -117.755417 -0.016414 0.000222 
341 -0.000000 -0.000001 -0.000000 0.000000 -0.000104 0.000001 0.045892 -0.000173 0.000102 
342 -0.000000 -0.000037 -0.000000 -0.001003 0.113603 -0.145505 0.000002 -0.000000 0.000001 
343 -0.000000 -0.014895 -0.000001 -0.010928 0.000000 -0.000001 0.000063 -0.000000 0.002299 
344 -0.000000 0.000868 -0.000000 0.000000 0.000000 0.000753 3.910777 -0.736352 0.000095 
345 -0.000000 -0.153617 -0.000000 6.718259 0.000077 -0.065892 -0.371984 0.006747 0.000001 
346 -0.000000 0.046737 -0.000131 -0.005010 -0.007081 0.000072 0.000647 -0.441438 0.000841 
347 -0.000000 -0.000000 0.000002 -0.000000 6.966897 -3.423672 0.024117 -0.006680 0.003879 
348 -0.000000 -0.000000 -0.060321 -0.036031 0.256528 -0.015927 -7.188098 5.807284 -0.047067 
349 -0.000000 0.307838 -0.000000 0.204269 0.008378 -0.108069 0.283160 -0.000000 0.000012 
350 -0.000000 -0.231699 0.000000 0.003061 -0.000000 0.000000 0.000162 -0.180460 0.014255 
351 -0.000000 -0.208362 -0.000278 0.000036 3.895721 -0.021858 -0.000000 0.021004 -0.445636 
352 -0.000000 0.000407 -0.000000 0.003353 -0.000000 0.000103 0.683220 -0.000000 0.000001 
353 -0.000000 -0.000000 0.000001 0.013414 -0.000925 0.000003 0.000114 -0.322498 0.003084 
354 -0.000000 -0.000000 0.000000 0.000001 -0.000000 0.000000 -0.000000 -0.000003 0.000061 
355 -0.000000 -0.007583 -0.000000 -0.008845 0.004576 -0.115963 -0.066819 3.229537 -0.124133 
356 -0.000000 1.602521 -235.114532 0.001105 30.414982 -0.453778 0.023652 -0.001299 0.000001 
357 -0.000000 -0.000143 -0.000000 0.018842 0.000000 -0.000000 -0.000000 -0.000161 0.001319 
358 -0.000000 -0.000943 0.000000 0.000151 0.008365 0.000000 0.003528 -0.014835 0.000218 
359 -0.000000 -0.000000 -0.000000 0.000000 3.973482 -0.820012 0.000009 0.000000 0.000453 
360 -0.000000 0.006813 -0.000001 0.004294 0.016925 -0.181438 0.000000 0.000000 0.000007 
361 -0.000000 -0.000003 -0.000002 0.000009 -0.000000 -0.000047 -7.758067 13.046408 -0.099312 
362 -0.000000 -0.367248 -0.000109 -0.000398 0.195344 -0.020180 -4.531842 0.000180 -0.000300 
363 -0.000000 0.086021 -0.000942 -0.000001 0.000026 0.000577 -0.000000 0.008290 -0.116510 
364 -0.000000 -0.000000 0.000032 0.244273 0.000000 0.003166 0.002151 -0.006877 0.003251 
365 -0.000000 -0.061108 -0.000285 0.001035 0.086976 -0.852373 -2.916465 1.372761 -0.378050 
366 -0.000000 15.359140 -1861.001221 -0.000000 0.049535 -0.049876 -26.167248 27.015377 -0.800668 
367 -0.000000 0.087991 -0.000006 -0.002303 0.000000 0.000634 -0.000000 -0.000068 0.000000 
368 -0.000000 0.000894 0.000025 0.000000 0.000057 -0.026269 0.120489 -0.474904 0.011473 
369 -0.000000 -0.007316 -0.000000 -0.000000 0.000074 -0.000001 -0.012484 -0.008556 -0.000000 
370 -0.000000 -0.184401 -0.072951 0.000000 0.084010 -0.165155 -19.338696 0.166898 0.000002 
371 -0.000000 -0.024698 0.001561 0.001235 -0.000000 0.000488 -0.000000 0.000000 -0.000535 
372 -0.000000 0.089920 -179.149322 -0.010930 -0.000001 0.000516 0.000004 -0.061443 0.004116 
373 -0.000000 -0.215501 -0.000000 -0.000000 0.036970 -1.648545 -0.844376 0.030465 -0.026398 
374 -0.000000 82.725449 -160.105071 -0.238061 0.000000 0.000000 0.000000 0.000000 0.000000 
375 -0.000000 0.003191 0.000004 0.000000 0.001173 0.000066 0.048878 -0.000051 0.000056 
376 -0.000000 0.000044 0.000152 0.000183 0.020698 0.000000 3.020552 -0.000000 0.000436 
377 -0.000000 -0.000000 0.013502 0.018109 0.000002 -0.008260 0.036781 -0.000301 0.000641 
378 -0.000000 -0.000043 -0.000371 -0.003079 -0.000103 0.000340 -0.025983 -0.021645 0.000000 
379 -0.000000 -0.006462 0.000044 4.816113 0.000008 -0.048001 -0.000000 0.621752 -1.896640 
380 -0.000000 -0.736832 -0.001934 -0.000037 -0.000000 -0.001485 -0.252154 0.261650 -0.844172 
381 -0.000000 0.000000 0.000000 0.000007 -0.000000 0.000000 -0.000000 -0.204716 0.000105 
382 -0.000000 -0.000348 -0.000022 -0.000007 -0.000000 0.000002 0.000284 0.000007 0.000864 
383 -0.000000 -0.000000 0.000021 0.000002 0.000938 -0.017425 0.026607 0.000236 -0.026690 
384 -0.000000 0.002944 0.000000 0.000000 -0.000057 0.000435 0.000000 -0.002019 0.000016 
385 -0.000000 -0.000036 0.000000 0.027494 0.083841 -0.052166 -0.000098 0.002705 -0.255012 
386 -0.000000 -0.000000 0.002213 0.000695 0.011810 -0.079735 -4.631843 0.025610 -0.056261 
387 -0.000000 -0.000000 0.000001 0.003810 0.038603 -0.637500 -0.000674 0.090588 -4.581136 
388 -0.000000 -0.034556 -0.000000 0.003399 0.000628 0.000000 0.000072 -0.009612 0.000028 
389 -0.000000 0.000003 -0.000000 0.000000 1.055953 -3.520928 -0.080183 0.016866 0.000155 
390 -0.000000 0.000000 0.000000 -0.001586 -0.000001 0.005064 0.003416 -0.009415 0.000019 
391 -0.000000 -0.000002 0.000000 0.000058 -0.000005 0.000181 0.009403 -0.000000 0.007133 
392 -0.000000 -0.000001 -0.000000 -0.002685 -0.000000 0.000000 -0.111223 0.000519 -0.027734 
393 -0.000000 0.495712 -0.083328 -0.000334 -0.012496 0.000122 -0.000442 0.000003 -0.001168 
394 -0.000000 0.025782 -0.000000 0.000000 -0.000000 0.011919 -0.014952 -0.000013 0.008280 
395 -0.000000 -0.000000 0.000000 0.227787 0.000359 -0.022092 0.000000 -0.000001 0.009813 
396 -0.000000 -0.005877 0.000000 0.000000 0.228305 -0.110107 -0.221570 0.874372 -0.465786 
397 -0.000000 -0.000000 0.000000 -0.000001 0.000000 0.026814 0.000628 -0.000015 0.000254 
398 -0.000000 -0.000098 0.000000 0.002151 0.000364 -0.281028 0.034566 -0.000034 0.000000 
399 -0.000000 3.188153 -309.576721 -0.000013 0.000000 -0.000000 0.000002 0.000000 0.002112 
400 -0.000000 0.000003 -0.000001 -0.000017 0.001784 -0.217186 -0.446642 0.073752 -0.075481 
401 -0.000000 -0.207752 -0.000005 0.019836 -0.000095 0.000001 0.001427 -0.675452 0.002212 
402 -0.000000 -0.000001 0.000000 0.008180 0.000135 -0.005793 0.015314 0.000000 0.000013 
403 -0.000000 -0.053864 -0.000000 -0.000005 0.000256 -0.134720 0.000019 0.000000 -0.089654 
404 -0.000000 -0.000182 0.000799 0.090002 0.000082 -0.117986 -0.004982 0.023806 -0.273804 
405 -0.000000 -0.000213 -0.000000 -0.000608 0.893736 -0.416268 -0.106929 0.994732 -3.122313 
406 -0.000000 0.000002 0.000097 0.092010 0.022374 -0.041401 -0.318874 0.029664 -0.241144 
407 -0.000000 0.077627 -0.000001 1.244448 0.000000 0.000000 -0.000045 1.933784 -0.409260 
408 -0.000000 -0.036032 -0.000000 -0.000000 0.000148 0.000000 -0.000001 0.119337 -0.220975 
409 -0.000000 2.183481 -809.413696 -0.010139 -0.000000 0.001964 0.013269 -0.000001 0.000007 
410 -0.000000 -0.000000 0.000000 -0.000000 0.000000 -0.021649 0.037270 0.217158 -0.063660 
411 -0.000000 -0.005594 0.000005 0.026486 0.000010 -0.003858 0.000047 0.019797 -0.030967 
412 -0.000000 -0.000239 -0.003275 0.000000 0.000042 -0.000000 0.000001 0.006872 -0.449712 
413 -0.000000 -0.007119 -0.000000 -0.000001 0.039667 -0.008784 -3.075681 3.135490 -0.049935 
414 -0.000000 -0.000000 0.000000 0.000000 -0.000380 -0.000000 -1.616561 0.095039 -0.005114 
415 -0.000000 0.043349 -0.095990 -0.000000 0.018474 -0.011865 0.000000 0.000011 -0.000219 
416 -0.000000 -0.109380 -0.000059 0.000529 0.000000 -0.004789 -0.024957 0.000172 0.000011 
417 -0.000000 -0.000002 0.000043 -0.000002 0.031673 -0.009338 -0.017954 -0.000423 0.000003 
418 -0.000000 0.000013 0.000000 -0.000016 0.029787 -0.275986 -0.014398 0.000002 0.000046 
419 -0.000000 0.026738 -0.000002 -0.073379 -0.000000 0.008032 -0.000000 -0.000000 0.001581 
420 -0.000000 -0.000001 -0.000000 -0.018639 -0.000006 0.008327 -0.001093 0.000000 0.000000 
421 -0.000000 0.000000 0.000000 -0.001777 0.040662 -0.060287 0.000192 -0.000434 -0.000000 
422 -0.000000 -0.000001 0.000000 0.089142 0.000000 0.000002 0.040318 -0.044842 0.000345 
423 -0.000000 -0.000038 -0.000000 0.000000 0.028787 -0.076512 -3.699785 3.538122 -0.342494 
424 -0.000000 -0.002212 0.000000 0.000000 0.000200 0.000053 -0.006441 0.124049 -2.351712 
425 -0.000000 -0.001097 0.000101 0.000083 0.000547 -0.095069 -0.056262 4.900722 -1.082513 
426 -0.000000 -0.000000 -0.000105 -0.028580 0.109073 -0.009028 -0.055773 13.394594 -2.036248 
427 -0.000000 0.000015 0.000000 0.000001 -0.000000 -0.010513 -0.016533 0.004677 0.000418 
428 -0.000000 -0.001298 0.000000 0.000451 0.103474 -0.440450 -0.000000 0.012750 -0.155624 
429 -0.000000 0.000098 -0.000003 -0.000050 2.605769 -2.572440 -0.016610 0.017343 -0.057674 
430 -0.000000 -0.001778 -0.000615 0.001757 -0.000145 0.000727 -0.000758 0.000496 0.008598 
431 -0.000000 0.000456 -0.000000 -0.489794 0.000093 0.000050 0.000014 -0.449492 0.002960 
432 -0.000000 -0.000000 0.000201 -0.000486 0.943692 -0.021243 0.000000 0.009514 0.000000 
433 -0.000000 -0.000047 0.000038 0.000000 0.000000 -0.007179 0.000000 0.001599 -0.218354 
434 -0.000000 0.000231 -0.000000 -0.000000 0.000000 0.000001 0.000004 0.000000 0.000507 
435 -0.000000 0.030065 -0.000109 -0.000000 22.881412 -5.085027 0.000177 -0.010152 0.000004 
436 -0.000000 -0.000241 -0.011838 -0.000352 0.174839 -0.212100 -49.089165 0.000000 0.000000 
437 -0.000000 0.000008 -0.000000 -0.000024 -0.000020 0.000000 -0.000278 0.000001 -0.000930 
438 -0.000000 0.009764 -0.000011 -0.001795 -0.002608 -0.000000 -0.000003 -0.012488 0.000218 
439 -0.000000 -0.105439 0.000000 0.001670 -0.017692 -0.000000 -0.001409 -0.004193 0.000000 
440 -0.000000 0.002728 -75.777572 -0.000396 27.184841 -10.628611 -0.121135 -0.000000 -0.008225 
441 -0.000000 3.713120 -912.782347 -0.002485 0.000000 0.000003 0.105247 -0.993048 0.002717 
442 -0.000000 0.002674 -0.000000 -0.000000 -0.000000 0.027735 -0.010092 0.000009 -0.001757 
443 -0.000000 -0.000581 0.000000 -0.000011 0.001746 -0.159950 -0.075160 0.656196 -1.161624 
444 -0.000000 0.000000 -0.000000 0.000013 0.028940 -0.015172 -0.000888 0.022949 -0.135001 
445 -0.000000 -0.029633 -0.000002 -0.000005 -0.000000 0.027120 1.857608 -0.002395 0.007439 
446 -0.000000 0.000000 -0.000681 -0.000000 -0.000000 0.000000 0.000061 0.000001 0.000066 
447 -0.000000 0.000000 -0.000000 -0.000015 0.001882 0.000000 0.000060 -0.008257 0.002066 
448 -0.000000 -0.000000 0.000000 -0.000000 -0.000000 0.004174 0.000000 -0.010381 0.000241 
449 -0.000000 0.021202 -0.000000 -0.007093 0.000000 0.000073 3.056593 -0.028876 0.010689 
450 -0.000000 -0.001466 0.000398 0.013009 0.000000 0.000175 0.000001 -0.000000 0.000961 
451 -0.000000 -0.032839 -0.000297 0.000276 0.046998 -1.256632 -0.050486 0.000002 0.000634 
452 -0.000000 7.431233 -107.345993 -0.048252 0.026875 -0.186019 0.000006 0.001035 -0.000000 
453 -0.000000 -0.000000 0.000001 -0.000001 0.080998 -1.953097 -0.001333 0.000017 -0.000333 
454 -0.000000 0.028175 -0.000000 0.000052 0.182894 -0.190655 -0.625121 0.000000 -0.002055 
455 -0.000000 -0.000359 -0.000000 -0.000005 0.000048 -0.063886 -0.023483 0.445004 -0.587896 
456 -0.000000 -0.000363 0.000000 0.000136 0.001806 0.000000 -0.020531 0.003816 -0.119791 
457 0.000000 -0.000113 0.000046 0.000000 -0.000001 0.000158 0.008553 -0.000003 0.000110 
458 0.000000 0.021687 -0.006839 0.000000 -0.000192 0.000017 0.007316 -0.000005 0.000000 
459 0.000000 -0.014639 0.000000 0.000000 0.000044 -0.008603 -0.000000 0.000059 -0.123419 
460 0.000000 -0.000040 -0.000011 -0.008121 -0.027395 0.000001 -0.000063 -0.000219 0.000007 
461 0.000000 -0.750884 -0.000097 0.000181 -0.000003 0.025192 -0.018820 -0.000000 0.000001 
462 0.000000 0.000000 0.000000 -0.000362 -0.000077 0.000953 0.000000 -0.011263 0.003244 
463 0.000000 -0.024564 0.030804 0.011819 -0.000423 0.000002 0.077006 -0.470808 0.001678 
464 0.000000 0.000004 0.000113 0.000000 -0.000000 0.000153 0.000699 -0.000000 0.000097 
465 0.000000 -0.000018 -0.000000 -0.000000 0.169666 -0.030890 -0.516756 0.000000 -0.002087 
466 0.000000 -0.000002 0.000000 -0.000000 0.001917 -0.040867 -1.490945 -0.000077 0.013746 
467 0.000000 -0.000001 0.001525 0.019089 0.002925 -0.127590 -0.074920 0.000000 0.000001 
468 0.000000 -0.115695 -0.000094 -0.000000 0.007135 -0.000000 -30.787090 106.554428 -5.540513 
469 0.000000 0.000515 -0.024082 -0.001566 -0.000000 0.003264 0.000025 -0.000000 0.000042 
470 0.000000 0.000000 -0.004585 -0.000220 -0.000000 0.002738 -0.000000 -0.004654 0.000025 
471 0.000000 -0.002827 -9.660772 0.000052 0.000059 -0.024086 -0.943768 0.011929 -0.231767 
472 0.000000 -0.625533 0.000113 0.000000 0.113220 -3.236025 -8.308805 242.993743 -3.184097 
473 0.000000 -0.000003 0.000041 0.019896 0.136265 -0.010973 -10.062887 3.604057 -0.114180 
474 0.000000 0.000000 -0.000000 0.012596 -0.004442 0.000000 0.003375 -0.000903 0.001014 
475 0.000000 -0.000006 0.000227 0.000000 0.003574 -0.038700 -0.000165 -0.000003 0.000001 
476 0.000000 -0.000003 0.000540 0.139674 -0.000275 0.000456 -0.000045 -0.000000 0.026848 
477 0.000000 0.374118 -33.604744 0.000000 0.000036 0.000453 -0.000706 -0.000068 0.003234 
478 0.000000 -0.012037 -0.000003 0.000046 0.000003 -0.000000 0.009103 0.024083 -0.004314 
479 0.000000 -0.003133 -0.000145 -0.000030 -0.000014 -0.000000 -4.276916 -0.000686 0.000037 
480 0.000000 0.000007 -0.000000 -0.009239 0.006446 0.000000 -0.000001 -0.000000 0.000003 
481 0.000000 0.000001 -0.040985 -0.051518 0.002392 -0.009679 -0.017573 0.005350 -0.193135 
482 0.000000 -0.000001 0.003092 -0.000000 0.250524 -6.226193 0.000000 0.000003 -0.081255 
483 0.000000 -0.000000 -0.000000 -0.000619 -0.000299 0.000000 -5.648452 -0.000004 -0.000000 
484 0.000000 -0.014962 0.000000 0.001470 0.076714 -1.821017 0.000012 0.000032 -0.043398 
485 0.000000 -0.000000 -0.000020 -0.000000 0.000507 0.000000 0.000139 -0.000000 0.000245 
486 0.000000 0.000266 -14.608576 -0.041337 -0.000000 0.001644 0.000000 -0.000179 0.000259 
487 0.000000 0.011019 -48.122520 -0.001555 -0.000000 -0.000012 -0.940164 3.087169 -0.518528 
488 0.000000 0.958864 -0.063618 -0.000010 -0.006716 0.026195 -0.000001 -0.000091 0.000001 
489 0.000000 0.001934 -0.000063 -0.000001 0.029318 -0.030924 0.000005 -0.004544 0.000524 
490 0.000000 -0.000000 0.000251 6.077891 0.000949 -2.312953 0.519716 -0.000000 0.010898 
491 0.000000 0.000131 0.000000 0.000016 0.000746 0.000000 0.306858 -0.055098 0.020116 
492 0.000000 -0.000000 0.000069 -0.001695 -0.000000 0.000260 0.005554 -0.007326 0.000235 
493 0.000000 -0.006963 -0.000000 0.000000 0.336592 -0.946912 0.001114 -0.000641 0.002528 
494 0.000000 0.000243 0.000000 0.000112 -0.019962 0.001605 0.000000 -0.008424 0.000003 
495 0.000000 -0.029531 0.000000 -0.010522 0.022127 -0.155877 -0.106565 4.138804 -1.771640 
496 0.000000 -0.028209 -0.001735 0.005469 -0.000063 0.000000 -0.013242 -0.000000 0.013075 
497 0.000000 0.249193 -111.328506 -0.000018 -0.000000 0.002193 -0.010342 -0.000000 0.000000 
498 0.000000 0.000783 0.000000 -0.001015 -0.000000 0.003465 -0.000000 -0.000028 0.000013 
499 0.000000 0.000001 0.000000 -0.000000 -0.000049 0.000000 -0.000205 0.000000 0.000763 
500 0.000000 1.442360 -105.809982 -2.028434 31.230472 -1.627073 -0.000003 -0.000077 0.000434 
501 0.000000 0.000000 0.000025 0.056480 0.000087 -0.133121 3.481001 -0.006995 0.015848 
502 0.000000 -0.022665 0.000000 0.000021 0.782824 -0.011605 -47.157921 56.005272 -0.687465 
503 0.000000 -0.076454 -0.055609 0.021381 2.687840 -0.000001 -0.000000 0.000000 0.000030 
504 0.000000 0.000001 0.000011 0.004267 -0.000001 0.000000 0.001075 0.000107 0.002480 
505 0.000000 -1.560632 -0.075632 0.000224 0.011996 -0.000252 0.003132 -0.007082 0.000269 
506 0.000000 0.006098 -0.001573 -0.000013 0.021800 -0.108131 0.000000 0.000000 0.000000 
507 0.000000 -0.000000 0.007545 0.000017 -0.000004 0.000000 -0.000002 0.000118 0.000000 
508 0.000000 0.000008 0.000044 0.000000 0.000000 0.000390 0.000000 0.000000 0.000006 
509 0.000000 0.023081 -0.000000 -0.000772 0.000005 0.000191 0.165176 -0.011669 0.000022 
510 0.000000 -0.000002 0.000000 0.000102 3.715809 -2.885409 -0.965704 -0.000000 0.001263 
511 0.000000 0.000472 -85.388351 -0.215321 1.356872 -3.822752 0.001747 -0.000000 0.002761 
512 0.000000 0.000000 -0.000000 -0.002491 -0.016384 0.000709 -0.000037 0.000105 -0.022851 
513 0.000000 0.000002 0.000000 0.000000 -0.000000 0.000468 -0.000002 0.000077 -0.153567 
514 0.000000 -0.000683 0.014512 5.218162 0.000000 0.000040 0.000011 -0.000000 0.000150 
515 0.000000 -0.000000 -0.000002 -0.028582 0.000121 -0.046678 -0.075716 0.007880 -0.014143 
516 0.000000 -0.000056 -0.000041 0.000000 1.862736 -2.395024 0.000078 -0.000057 0.000000 
517 0.000000 -0.048109 0.000089 0.213095 -0.008956 0.000938 0.000002 0.000004 -0.094800 
518 0.000000 0.012998 -0.000000 -0.010171 -0.000139 0.009373 -0.000004 -0.000118 0.000000 
519 0.000000 -0.000000 0.002089 0.000117 0.038713 -0.735424 -0.000173 0.021323 -0.931000 
520 0.000000 -0.009458 -0.012178 0.000011 -0.000580 0.000000 -0.045942 -0.000000 0.000005 
521 0.000000 0.013973 -0.000003 -0.000444 1.137064 -0.370060 -0.000795 -0.000089 0.000372 
522 0.000000 1.493520 -0.013183 -0.097702 0.000001 -0.000000 0.001970 -0.014290 0.000036 
523 0.000000 -0.000011 0.000000 5.809970 0.000000 0.000044 -0.000037 -0.027679 0.236692 
524 0.000000 -0.000001 0.021093 0.000001 0.000000 -0.010817 -0.000046 0.000003 0.000145 
525 0.000000 -0.000595 -0.004455 -0.007959 49.718040 -0.371080 -0.000000 -0.502484 0.000000 
526 0.000000 -0.000001 0.000034 -0.000000 -0.000000 0.000220 -0.000000 -0.000000 0.026457 
527 0.000000 0.002100 -0.000000 -0.058406 -0.000002 0.001032 0.000004 0.000000 -0.021629 
528 0.000000 -0.000080 0.000188 0.000317 0.000000 0.000045 0.068167 0.000001 -0.025655 
529 0.000000 -0.005135 -0.000161 -0.038256 0.000000 -0.000000 -0.004458 -0.000000 0.000000 
530 0.000000 -0.000100 -0.000181 -0.174836 0.000065 -0.008788 -2.272417 0.001357 -0.003694 
531 0.000000 -0.007964 -0.000001 0.000000 0.366882 -0.031747 0.000107 0.000052 0.000000 
532 0.000000 -0.000000 0.000000 -0.000013 3.934496 -1.291552 0.000019 0.002347 0.000000 
533 0.000000 -0.001425 -0.000000 0.059519 -0.000012 0.000069 -0.077182 -0.000000 0.022276 
534 0.000000 -0.000000 0.000001 -0.000000 0.000000 0.000128 0.000323 -0.000035 0.048379 
535 0.000000 -0.012235 -0.000460 -0.000000 0.000001 0.000000 -0.000000 -0.000000 0.000242 
536 0.000000 -0.000097 0.000001 -0.000000 0.000006 -0.001892 -0.000178 -0.000001 -0.000000 
537 0.000000 0.000000 -0.000000 -0.000015 0.001649 -0.160074 -0.000020 -0.000000 0.000000 
538 0.000000 0.000000 0.000005 0.000851 0.000000 0.000001 -0.000000 -0.003120 0.000834 
539 0.000000 -0.000000 -0.000000 0.000001 0.000000 0.001226 0.000000 -0.000000 0.000000 
540 0.000000 -0.000306 -0.000000 0.000000 1.730120 -0.002896 -105.229599 0.154235 -0.015605 
541 0.000000 -0.000800 -0.000015 -0.000214 0.024578 -0.335684 -0.000056 0.002351 -0.221289 
542 0.000000 -0.000012 -0.000000 0.005735 2.210785 -3.393656 0.052900 -0.125034 0.000554 
543 0.000000 -0.000000 0.000000 0.000001 -0.000146 0.000263 -0.000029 -0.062329 0.000001 
544 0.000000 -0.000000 0.000243 0.000039 0.007957 -0.029311 0.000000 -0.095989 0.000301 
545 0.000000 -0.000000 0.000000 0.000000 0.016058 -0.194841 -0.012453 0.010052 -0.058632 
546 0.000000 0.000004 0.000000 0.000010 0.000313 -0.043708 0.017256 0.000006 0.000319 
547 0.000000 -0.014716 -0.000079 -0.000000 -0.000067 0.000006 -1.327744 4.236133 -0.158431 
548 0.000000 -0.000001 0.000000 -0.000000 0.000466 -0.165339 0.000000 0.033700 -0.320204 
549 0.000000 0.000000 0.000004 0.000000 0.165691 -0.108264 -2.428714 0.174224 -0.369334 
550 0.000000 0.090351 -0.000014 0.000000 1.809000 -2.498312 0.000015 0.000154 -0.022054 
551 0.000000 -0.062000 0.000000 8.811525 0.011119 0.000000 -0.000703 0.000001 0.000000 
552 0.000000 -0.001085 0.000004 -0.000000 -0.000001 0.000372 -0.010843 -0.000190 0.001903 
553 0.000000 -0.000001 -0.000000 -0.000002 0.022538 -0.152868 0.013354 -0.000000 0.000746 
554 0.000000 -0.018934 -0.010676 0.000000 0.000819 -0.011466 -0.022987 0.000003 0.000006 
555 0.000000 -0.018958 -0.000000 2.019064 0.002043 -0.021934 0.306550 -0.001659 0.014864 
556 0.000000 -0.000000 0.000000 -0.000000 0.014311 -0.030540 0.053787 -0.036180 0.000276 
557 0.000000 -0.000000 0.000339 0.201253 0.000111 -0.061295 -0.948524 0.000144 -0.082566 
558 0.000000 -0.000093 -0.000017 0.002377 -0.000000 0.002781 0.020024 -0.000024 0.001532 
559 0.000000 0.000953 -0.000000 -0.001764 -0.000000 0.002657 -0.000000 -0.000000 0.000000 
560 0.000000 -0.000246 0.002733 6.943265 0.000324 -0.040374 0.008616 0.000000 0.000069 
561 0.000000 -0.000006 0.000000 -0.000052 -0.002279 0.000010 -2.678730 -0.680628 0.009492 
562 0.000000 0.000275 0.000000 -0.000049 0.000688 0.001163 0.000016 -0.097060 0.005199 
563 0.000000 0.000000 0.000152 -0.000007 0.015252 -0.219984 0.000000 0.000000 0.003607 
564 0.000000 0.000000 -0.000065 0.000000 0.000002 -0.031078 -0.000000 -0.000015 0.000120 
565 0.000000 -0.030325 -0.000000 0.000001 0.000000 0.000000 0.003078 0.000000 0.014730 
566 0.000000 -0.037883 -0.000000 0.000286 0.000000 0.000002 -2.153553 0.000000 0.000938 
567 0.000000 -0.000000 0.000000 0.000000 -0.000034 0.011784 0.002014 -0.000000 0.000008 
568 0.000000 -0.062344 -0.000001 0.000177 0.000000 0.000000 -0.111319 0.282916 -0.546164 
569 0.000000 -0.679192 -0.000241 0.000384 0.000401 -0.006213 0.016872 -0.000000 0.002707 
570 0.000000 -0.000000 0.000000 -0.019023 -0.000000 0.000086 0.000000 -0.000114 0.000000 
571 0.000000 0.059333 -79.069229 0.000000 0.012021 -0.096088 -0.117665 -0.000000 0.000033 
572 0.000000 0.000002 0.000432 -0.000008 0.037678 -2.600848 -0.000370 -0.005963 0.000000 
573 0.000000 0.055636 -0.000000 0.000000 0.415788 -0.228990 0.010253 -0.000001 0.000213 
574 0.000000 -0.000323 0.000000 0.000000 0.000659 -0.241456 -0.000000 0.000008 -0.000461 
575 0.000000 -0.001328 -0.000056 0.000001 8.375875 -20.453892 -0.000045 -0.000000 -0.021365 
576 0.000000 -0.020821 -0.000000 0.039975 0.000102 0.000402 0.019077 -0.000228 0.000009 
577 0.000000 -0.026203 -0.000000 -0.012164 0.000366 0.000001 -2.209536 0.652700 -0.330188 
578 0.000000 -0.000000 -0.000057 -0.001536 -0.000005 0.022631 -0.000061 -0.049936 0.000238 
579 0.000000 0.000042 -0.001110 -0.000219 5.789330 -5.201695 -0.000062 -0.000001 0.001693 
580 0.000000 0.099152 -0.000002 0.000001 -0.000006 0.000000 -0.000010 -0.000029 0.010896 
581 0.000000 6.151397 -1214.124266 -0.009711 -0.000027 0.090305 -0.012992 -0.000441 0.000000 
582 0.000000 0.000176 0.000008 0.000065 -0.000014 0.003343 0.000000 -0.000060 0.000098 
583 0.000000 0.005589 -0.000000 -0.000000 0.000002 0.000004 -0.000000 -0.000000 0.000000 
584 0.000000 -0.034990 -0.000000 -0.000000 0.253400 -0.010908 0.000000 -0.000225 0.014057 
585 0.000000 0.024744 -0.000000 0.000367 -0.000034 0.000000 0.000295 0.000000 0.000034 
586 0.000001 -0.000183 0.000024 -0.000000 0.153222 -0.000001 -0.000000 0.000069 -0.074093 
587 0.000001 0.000000 -0.000003 0.000000 -0.000038 0.001301 0.000051 0.001876 -0.157675 
588 0.000001 -0.038056 0.000000 0.003740 0.002983 -0.057604 -4.243796 1.873337 -0.427884 
589 0.000001 0.000000 -0.000000 -0.000000 2.898640 -0.453214 0.044057 -0.001507 0.002813 
590 0.000001 -0.000051 -0.000002 -0.000228 0.000000 0.000000 0.340410 -0.006589 0.005179 
591 0.000001 0.000000 0.000087 -0.000000 0.000229 0.000008 0.000078 -4.864387 0.001513 
592 0.000001 -0.000000 0.002165 0.271668 -0.000000 0.000032 0.012099 0.025605 -0.351876 
593 0.000001 0.000002 -0.000000 0.000725 0.000010 0.001165 -0.000000 -0.000000 0.009746 
594 0.000001 1.128712 -0.000156 -0.000072 0.000907 0.000000 10.226435 0.000000 0.000003 
595 0.000001 -0.054695 -0.000000 0.009249 0.001781 -0.375330 -3.314954 0.305672 -0.130265 
596 0.000001 -0.000000 -0.000000 -0.105890 -0.000312 0.000000 -0.000000 -0.026604 0.000008 
597 0.000002 -0.000012 0.000020 0.095747 18.044170 -8.935007 0.000001 -0.000031 0.000057 
598 0.000002 0.000088 0.000004 -0.000000 0.000000 0.000000 0.000000 0.276078 -4.360257 
599 0.000002 0.018610 -0.000000 -0.000000 0.000000 0.002542 0.002237 -0.000101 0.000932 
600 0.000002 -0.000204 0.000096 0.117646 -0.000428 0.000230 0.000313 -0.000031 0.020158 
601 0.000002 0.005604 0.000000 -0.000044 0.016715 -0.202877 0.000002 -0.000477 0.000074 
602 0.000002 -0.000045 -0.000025 0.000000 0.000046 0.003077 0.000019 -0.000031 0.000005 
603 0.000002 -0.000020 -0.000000 0.030527 0.011996 0.000228 -0.000003 -0.000001 -0.020746 
604 0.000002 -0.000000 0.000000 0.012392 0.000016 -0.000000 -0.000931 0.024209 -0.443638 
605 0.000002 -0.000000 -0.000319 0.046687 0.000000 0.024525 0.002707 -0.115978 0.001203 
606 0.000003 0.000034 -0.000000 -0.000970 0.001834 -0.111628 -0.045962 0.209635 -1.215409 
607 0.000003 0.003587 -0.000000 -0.000000 -0.000000 0.008014 -0.000052 -0.000031 -0.000379 
608 0.000003 0.000000 0.000000 -0.000000 0.000000 0.003192 -0.000000 0.000003 -0.045742 
609 0.000003 -2.331536 -0.001942 -0.040814 0.000000 0.000000 -0.000000 0.000032 -0.039752 
610 0.000003 -0.275836 -0.000317 -0.000123 0.000369 0.000458 -0.023620 -0.000107 0.000194 
611 0.000003 0.000029 0.000000 -0.000000 0.000005 -0.000000 0.000294 -0.085507 0.079948 
612 0.000004 -0.002535 0.015998 7.763923 0.011039 -0.609088 -0.005933 -0.000001 0.019573 
613 0.000004 0.000000 -0.000006 0.000001 0.000514 -0.000000 0.000044 -0.000000 0.000041 
614 0.000004 2.625034 -112.787491 -0.292734 0.696540 -2.752673 0.065004 -0.198856 0.008001 
615 0.000004 -0.000000 0.000055 0.017604 -0.000474 0.000033 -0.000141 -0.000000 0.000046 
616 0.000004 -0.015220 0.000000 0.006104 0.000155 0.000086 -4.460357 0.000000 0.000000 
617 0.000004 0.000000 -0.000000 -0.000000 0.000001 0.000010 0.000153 0.015587 0.000000 
618 0.000004 -0.000009 0.000000 -0.000036 0.119461 -0.394806 -42.767509 512.864623 -0.485922 
619 0.000004 -0.073466 -0.000090 0.424912 0.001354 0.000000 -0.257790 -0.000002 0.000671 
620 0.000005 0.000927 -0.000104 -0.000000 0.000000 -0.000000 -3.164793 6.302852 -0.988600 
621 0.000006 0.597840 -0.000027 -0.131649 -0.000000 0.000281 -0.000261 0.000004 0.000001 
622 0.000006 -0.000007 0.000074 0.000001 0.000190 0.000000 -0.000001 3.440857 -3.654601 
623 0.000006 -0.048394 -0.000001 0.106868 0.000700 -0.325814 -0.000031 0.026965 -0.060553 
624 0.000007 -0.005150 -0.000000 -0.000247 -0.000032 0.044517 0.000458 -0.040646 0.005150 
625 0.000007 -0.000053 -0.000043 -0.000180 -0.000179 0.000003 -0.465584 -0.021041 0.000021 
626 0.000007 -0.050172 -0.000000 0.000171 -0.000000 0.000000 -0.000013 0.000000 0.000840 
627 0.000007 -0.000406 -0.000000 0.638400 0.049656 -1.115000 -1.126817 0.004362 -0.053473 
628 0.000007 0.000000 0.000000 -0.000000 -0.015553 0.000000 -0.774284 0.000000 0.000001 
629 0.000007 -0.000011 0.000000 0.267300 -0.000629 0.000000 -0.060676 0.000291 -0.109560 
630 0.000008 0.226544 -0.000000 -0.000160 -0.000163 0.003789 0.030526 -0.054188 0.003875 
631 0.000008 -0.000000 -0.000000 -0.000022 -0.000000 0.000000 0.000014 0.000000 0.004542 
632 0.000010 -0.084665 -0.000000 0.000148 -0.000000 0.001811 -0.000003 0.000541 0.000014 
633 0.000010 -0.000030 0.000000 0.000057 0.000035 -0.066649 -0.003352 0.029520 -0.016009 
634 0.000011 0.000000 0.000000 0.019711 -0.000000 0.030100 5.427457 0.000048 0.000443 
635 0.000012 0.012962 -0.000033 0.000000 -0.000001 0.000000 0.000000 -0.000295 0.000000 
636 0.000012 -0.000000 0.000001 -0.064978 0.000000 0.000751 0.000000 0.000000 -0.025632 
637 0.000013 -0.015094 -0.000001 -0.000002 -0.002129 0.003641 -0.047998 0.000001 0.000009 
638 0.000013 -0.000000 -0.000000 -0.000001 4.550290 -2.596728 -0.086126 -0.000000 0.000063 
639 0.000014 -0.000000 0.001614 0.000085 -0.000000 0.021585 0.001247 -0.557316 0.000546 
640 0.000015 0.000018 0.000000 0.000221 -0.000000 0.000119 -0.007364 -0.000156 0.000195 
641 0.000015 -0.001840 0.000195 3.490153 0.000030 -0.031051 0.000002 0.227508 -0.192731 
642 0.000015 0.000298 0.000000 1.454937 0.055580 -1.095744 -0.215493 0.002706 0.000012 
643 0.000016 0.000000 0.000001 0.001139 0.000000 0.000054 -0.000000 -0.000000 -0.018475 
644 0.000017 0.000000 0.000000 -0.000001 8.802591 -7.963807 0.000003 0.000178 -0.101344 
645 0.000019 -0.000077 -0.000000 -0.001955 0.000004 -0.000000 0.010459 0.000000 -0.012260 
646 0.000023 -0.033726 0.000000 0.004826 -0.000000 0.000000 -0.000000 0.000028 0.001624 
647 0.000024 -0.100183 -0.000000 -0.000000 -0.000000 0.001224 -0.000004 -0.000248 0.000069 
648 0.000025 0.000000 0.000000 -0.000012 -0.000045 0.001206 0.000005 -0.000000 0.000000 
649 0.000025 -0.000000 -0.000000 -0.044926 0.000000 0.000003 -0.000259 -0.000010 0.000000 
650 0.000026 0.008629 -0.000000 -0.000470 1.106872 -0.234255 0.000035 -0.000000 0.000000 
651 0.000027 4.010896 -413.440002 -0.000114 -0.000003 0.219279 0.000144 -0.003399 0.000000 
652 0.000027 -0.000091 -0.000000 0.000001 0.001383 -0.248076 0.001476 0.000000 0.000017 
653 0.000030 -0.000878 0.000058 0.011575 0.000121 -0.000003 0.590344 0.000000 0.000001 
654 0.000033 -0.000564 0.000038 0.008702 0.051802 -0.733688 -0.004834 0.051408 -0.149036 
655 0.000035 -0.000000 -0.000006 -0.042687 -0.000000 0.003497 -0.000234 0.000000 -0.054138 
656 0.000035 -0.000042 -0.000000 6.285424 -0.000000 0.000002 0.000136 0.000000 0.000070 
657 0.000036 -0.000000 0.012392 -0.000000 3.632504 -7.227696 0.000000 0.000009 -0.033202 
658 0.000037 -0.001263 -0.000050 0.002228 -0.000001 -0.000001 -0.801968 0.000015 -0.000000 
659 0.000037 0.000000 0.000045 -0.031692 0.000000 0.000004 0.000000 0.000000 0.006892 
660 0.000039 -0.000389 0.000001 0.000000 -0.000000 0.000000 -0.000058 -0.000254 -0.000000 
661 0.000040 -0.000000 0.000030 0.002999 0.002747 -0.000000 0.000004 -0.043641 0.001534 
662 0.000042 0.896792 -45.382027 -0.000056 0.000642 -0.026793 -0.000082 -0.000001 0.000204 
663 0.000042 -0.000000 0.000000 -0.000007 -0.000006 0.009438 -0.021446 -0.000000 0.000557 
664 0.000042 0.000000 -0.000000 -0.000810 0.000000 -0.000000 0.035582 -0.000077 0.000107 
665 0.000044 -0.005379 -0.000000 0.250462 0.000012 0.010762 0.000000 -0.111866 0.001619 
666 0.000047 -0.000000 -0.000000 -0.000000 0.000000 0.007357 -0.000000 -0.000001 0.000007 
667 0.000047 0.009103 -0.000000 -0.057596 -0.000076 -0.000001 0.000000 -0.057743 -0.000000 
668 0.000049 0.000190 0.000000 0.001853 0.004557 0.000000 2.625592 -0.001635 0.006595 
669 0.000050 0.607240 -3.084696 -0.013175 0.000000 0.000003 0.000167 -0.001371 0.000000 
670 0.000053 -0.000000 0.012666 -0.005078 0.014045 -0.141200 -0.000014 -0.003832 0.000138 
671 0.000057 0.000168 0.000024 -0.000002 -0.000001 0.000233 -0.000019 -0.001772 0.000185 
672 0.000059 0.000001 -0.000000 0.000024 0.008515 -0.032971 0.000000 -0.000006 0.000001 
673 0.000061 -0.000002 -0.000000 -0.000120 0.000000 -0.000000 -0.014709 -0.000950 0.000000 
674 0.000065 0.000000 0.000000 0.000044 -0.000020 0.003981 0.027926 0.000000 -0.010538 
675 0.000066 0.000002 -28.291149 -0.000060 349.688781 -0.199667 -0.019297 -0.108781 0.000087 
676 0.000068 -0.000000 -0.000000 0.000000 0.000277 -0.056079 0.000006 -0.000836 0.011856 
677 0.000068 0.000000 -0.000000 0.000055 -0.001084 0.051856 -0.023610 -0.000000 0.003898 
678 0.000069 -0.017425 0.000001 -0.000110 0.000003 0.000000 0.000000 0.000006 -0.041714 
679 0.000071 0.029341 -0.000008 -0.000161 -0.014668 0.000091 0.000024 -0.000072 0.000000 
680 0.000072 0.000000 -0.000001 0.000007 0.000000 0.001567 -0.000000 -0.000118 0.000000 
681 0.000073 0.276380 -0.003462 -0.002238 0.000371 0.000007 0.000014 3.919905 -0.788852 
682 0.000074 -0.000283 -0.000000 -0.000914 3.184217 -0.200204 -0.019929 0.000165 -0.045246 
683 0.000076 -0.000000 0.000000 -0.000000 0.000001 0.000046 -0.000285 0.015849 -0.233575 
684 0.000078 1.833369 -14.806116 0.000148 0.000000 0.000005 0.000005 0.000009 0.000004 
685 0.000078 612.323609 -843.609252 -0.000026 32.908424 -0.000812 -5.175426 0.000000 0.000001 
686 0.000078 -0.003126 0.001296 5.598882 15.113668 -0.530120 -0.181883 0.000028 -0.031589 
687 0.000080 -0.000000 0.000000 -0.000000 0.024575 -0.670140 -0.000010 -0.000000 0.000054 
688 0.000081 -0.000084 -0.000974 -0.000000 0.028639 -0.989508 0.008105 -0.000032 0.000024 
689 0.000082 -0.000020 -0.000000 0.794272 0.016663 -0.075712 -0.000000 0.000014 0.000000 
690 0.000083 0.000020 -0.000002 -0.000000 -0.000138 0.000000 -0.000000 -0.000386 -0.000000 
691 0.000087 0.000023 0.000002 -0.000000 -0.000000 0.000283 -0.000000 -0.000000 0.000106 
692 0.000088 0.000000 -0.000004 -0.000385 0.004803 0.000003 -0.000000 -0.000000 0.000000 
693 0.000088 -0.000001 -0.000000 -0.001478 0.000000 0.000016 -0.002188 -0.013840 0.042104 
694 0.000090 0.000012 0.000826 0.001517 0.000000 0.000172 0.000109 -0.000012 0.000039 
695 0.000092 -0.000953 0.000037 1.435696 0.001935 -0.120908 0.000000 -0.000000 0.031050 
696 0.000097 0.000187 0.000005 -0.000012 0.003019 0.000047 3.274552 -0.000000 0.000000 
697 0.000097 0.000008 -0.013618 -0.010065 0.001354 0.000000 0.000007 -0.000001 0.000913 
698 0.000097 -0.023105 -0.000000 0.000000 -0.000000 0.000157 0.000000 0.000185 0.000871 
699 0.000104 0.000000 0.000000 0.000013 -0.000038 0.001268 -0.173293 -0.103131 0.000000 
700 0.000104 -0.000001 -0.000000 0.000152 -0.000000 0.000462 -0.005922 0.000033 -0.035506 
701 0.000105 -0.000014 -0.000000 0.000000 0.000000 0.006537 0.007772 -0.000172 0.026343 
702 0.000107 -0.013446 -0.000000 -0.000000 49.788795 -0.000000 -2.771066 0.000000 0.000000 
703 0.000110 -0.007337 -0.000000 -0.000895 0.000100 -0.039133 -0.000434 0.225109 -0.118045 
704 0.000114 -0.485420 -0.000000 -0.000452 -0.000011 0.000004 0.000000 -0.415904 0.000110 
705 0.000116 -0.000000 0.000000 0.000011 0.000178 0.000000 0.187742 -0.018667 0.000099 
706 0.000117 -1.446249 -0.001917 -0.000002 -0.000000 0.000283 -0.000783 -0.000000 0.071405 
707 0.000120 -0.000000 0.000006 -0.004944 0.007230 -0.000000 -0.014296 0.000000 0.000349 
708 0.000120 0.000000 -11.423849 -0.119203 0.000000 0.013084 0.000000 -0.000000 0.000014 
709 0.000134 -0.083894 0.000000 -0.000000 0.133150 -0.728876 -1.649384 0.232152 -1.184033 
710 0.000134 -0.000000 0.000468 0.000231 0.000007 0.000625 -0.000002 -0.000000 0.000000 
711 0.000138 -0.007825 0.000072 0.000773 0.000024 0.000001 -0.000000 0.000001 0.000012 
712 0.000140 -0.000000 0.000001 -0.027032 -0.000000 0.034911 0.187378 -0.000340 0.002657 
713 0.000166 0.000000 0.000000 -0.007013 -0.000605 0.000024 -0.000274 0.000000 0.000001 
714 0.000167 0.094994 -0.000002 -0.003078 -0.000000 0.000078 0.000476 -1.450617 0.000001 
715 0.000168 0.000000 0.000000 0.000000 0.000385 0.000075 0.085796 -0.000000 0.000058 
716 0.000173 0.124168 -0.012600 0.000000 0.000000 0.009055 0.000116 -0.019756 0.003743 
717 0.000182 0.000000 0.000000 -0.008364 -0.000086 0.000256 -3.554994 -0.000000 0.000003 
718 0.000184 -0.000209 0.000000 0.009995 0.000002 0.006902 -0.006301 0.015344 -0.019776 
719 0.000194 -0.003393 0.000002 0.107969 -0.000000 0.000000 -0.004743 0.000086 -0.160610 
720 0.000195 0.171020 -0.002887 -0.000000 -0.004426 0.001058 -0.000478 -0.026875 0.011278 
721 0.000227 0.000000 0.000000 0.000028 0.000000 0.000085 0.375458 -0.068855 0.019870 
722 0.000233 -0.000000 0.000000 0.002144 2.350809 -0.059849 -0.740080 0.000000 0.000079 
723 0.000233 -0.001194 0.029780 0.000092 0.129441 -0.007550 0.000000 0.004988 0.000027 
724 0.000234 0.000438 -0.188160 0.000000 0.054747 -0.029427 -0.175134 2.516345 -0.015734 
725 0.000240 0.662468 -80.644882 -0.026824 0.000000 0.015629 -0.000828 0.002658 -0.244297 
726 0.000243 -0.000121 -0.000000 -0.010884 -0.001109 0.000981 -0.000000 0.117161 0.000000 
727 0.000269 -0.001762 0.000028 0.060185 0.405150 -0.011970 -0.000070 -0.000220 0.000019 
728 0.000269 0.041482 -0.000000 -0.000000 5.370275 -3.599961 0.000000 -0.000070 -0.015528 
729 0.000289 -0.000033 0.000179 0.000030 0.059907 -0.000000 0.012358 -0.038701 0.019708 
730 0.000293 0.000002 -0.000000 0.033388 -0.000516 0.000006 0.000116 -0.002829 0.000036 
731 0.000298 0.060203 -0.000005 -0.005114 -0.000000 0.000989 0.269778 -0.000000 0.004534 
732 0.000309 0.007451 0.000006 0.002884 0.000001 0.000018 0.064285 0.000000 0.000237 
733 0.000325 0.000169 -0.000000 0.008880 -0.058869 0.000591 -0.000002 0.006232 -0.040610 
734 0.000325 0.000890 -0.000000 0.000404 0.000022 0.000386 -0.000000 -0.000930 0.000058 
735 0.000333 -0.000000 -0.000000 0.000000 0.000026 0.001788 -0.000072 0.000009 0.000007 
736 0.000343 0.000001 0.000010 0.000012 0.121575 -1.707585 0.000080 -0.000000 0.000057 
737 0.000351 -0.000011 0.000025 4.088418 -0.000000 0.000090 -0.000002 -0.000000 0.040899 
738 0.000362 0.000000 0.000002 -0.000000 -0.000000 -0.000000 -2.805418 0.000000 0.000000 
739 0.000365 0.000000 0.000002 0.000000 0.000000 0.000843 0.008260 -0.003035 0.000033 
740 0.000388 -0.000000 0.000001 0.000005 0.007938 -0.059419 0.000000 0.000000 0.000000 
741 0.000391 -0.000000 0.000000 2.382329 -0.000000 0.000047 0.000000 -0.000002 0.001778 
742 0.000411 -0.000000 -0.000012 0.011932 -0.000000 0.000000 0.000003 -0.000001 0.000000 
743 0.000416 0.000002 -0.000000 -0.000000 0.000000 0.000002 0.003827 -0.000465 0.000178 
744 0.000446 0.000104 0.000001 0.040197 0.000000 0.001847 0.000000 -0.000000 0.000000 
745 0.000447 -0.000122 0.007013 0.000118 0.000195 -0.031632 0.014425 0.000000 0.000420 
746 0.000448 -0.000048 -0.000001 -0.028929 0.000000 0.000943 -0.006377 -0.001491 0.001402 
747 0.000453 0.000000 0.001555 3.631808 0.000019 0.000341 0.106004 0.000000 0.000069 
748 0.000453 0.000000 0.000000 -0.000019 -0.000370 0.008541 0.000064 -0.001733 0.000001 
749 0.000454 0.000000 0.000000 0.000284 0.000000 0.009554 0.012235 -0.000000 0.000323 
750 0.000455 0.000000 0.000000 0.014009 0.046545 -0.426656 0.000225 -0.000003 0.007734 
751 0.000461 -0.000002 -0.000001 0.013204 0.000000 0.000000 0.076344 0.000010 -0.078775 
752 0.000477 -0.002008 0.000000 -0.000003 10.975809 -1.822224 -0.000099 0.000014 -0.117664 
753 0.000483 -0.000937 0.015109 0.025464 -0.000002 0.000086 -0.027498 -0.000010 0.000000 
754 0.000488 0.000002 0.000000 -0.000015 -0.000000 0.000000 0.001468 0.000015 0.000000 
755 0.000499 0.006444 -0.000009 0.000071 0.051951 -0.056309 0.000389 -0.000176 0.005820 
756 0.000564 0.000001 0.006893 -0.000000 0.000166 -0.042545 0.088452 0.000000 -0.005721 
757 0.000590 -0.001401 -0.000000 -0.001426 0.001221 -0.024240 -53.970451 -0.000000 0.000040 
758 0.000604 0.000000 -0.000011 -0.009365 0.000000 0.000850 -0.000003 -0.000086 0.000000 
759 0.000639 0.058477 -0.000685 -0.006718 0.002092 0.000008 0.055575 -0.000010 0.006036 
760 0.000639 0.013835 -0.000001 0.012406 5.936849 -7.689233 0.000000 -0.000000 0.000025 
761 0.000663 0.000000 -0.000000 -0.000000 -0.000022 0.000289 -0.000000 -0.000000 -0.014814 
762 0.000684 0.000002 0.000000 -0.000001 3.631338 -6.923875 0.000000 -0.000000 0.000000 
763 0.000721 0.000000 0.001518 0.001290 -0.000003 0.000057 -28.232403 0.006316 -0.047742 
764 0.000746 0.990364 -0.000096 -0.000003 0.000000 0.006278 2.238001 -0.000008 0.000000 
765 0.000750 -0.032802 -0.000003 -0.000099 0.018595 -0.105970 -0.078266 0.202970 -0.121509 
766 0.000807 -0.013687 -0.313622 -0.118999 0.005645 -0.806932 -116.145432 2.877353 -0.005259 
767 0.000809 0.158615 -0.000000 0.000350 0.000000 -0.000000 -0.000000 0.003355 -0.024202 
768 0.000819 -0.000133 0.000001 -0.000000 0.985264 -0.317692 -0.113946 0.001355 0.004795 
769 0.000895 -0.000510 -0.002196 0.000014 0.000014 0.000000 0.000000 -0.000003 0.001518 
770 0.000931 0.093251 -0.000000 -0.000087 0.323582 -1.959344 -0.000167 -0.000002 -0.045805 
771 0.001020 -0.000039 0.000204 2.514657 -0.000001 0.008198 -0.000000 -0.000001 0.000304 
772 0.001056 0.116195 -0.000306 -0.000035 -0.000000 0.006192 -0.000000 -0.000000 0.000010 
773 0.001066 0.005646 -0.000063 0.000000 0.000000 0.000027 0.000080 -0.003402 0.000006 
774 0.001097 0.000500 0.000001 0.000001 -0.000002 0.000032 0.003707 0.011565 -0.036493 
775 0.001165 -0.000583 0.000000 0.000003 0.153908 -2.522248 0.000007 -0.000002 0.012548 
776 0.001196 -0.000005 -0.000043 -0.000010 -0.000001 0.000463 -0.000001 0.000946 -0.013286 
777 0.001241 0.362870 -0.000000 0.000000 0.001652 0.000006 0.000001 -0.000000 0.000840 
778 0.001243 0.000000 0.000000 0.001462 0.011962 -0.060447 -0.000271 0.028740 -0.216816 
779 0.001257 -0.004041 0.000001 0.226066 -0.000002 0.069934 0.000000 0.000000 0.000556 
780 0.001270 -0.223025 -0.000006 0.000000 0.000077 0.000000 -0.000000 -0.000083 0.000474 
781 0.001350 0.058253 -0.000000 -0.000108 -0.000146 0.014050 0.000000 0.000178 -0.081710 
782 0.001416 -0.000000 0.000424 0.000000 0.010593 -0.845060 -0.297784 0.000000 0.018235 
783 0.001432 -0.005530 0.000000 -0.000319 0.014189 -0.000000 0.000011 -0.000056 0.000023 
784 0.001462 0.014333 0.000000 0.000049 2.922977 -3.245568 0.000003 0.010725 -0.015075 
785 0.001510 -0.331164 -0.000000 0.045045 0.000014 0.000000 0.000464 -0.011058 0.018777 
786 0.001539 0.013940 -0.000000 -0.000000 0.000776 0.000008 -0.000006 0.000000 -0.000000 
787 0.001586 -0.017467 -0.000000 -0.000000 0.002282 0.000272 -0.012236 -0.000006 0.000080 
788 0.001655 0.000549 0.000003 -0.000000 -0.000000 0.000702 0.019576 0.000000 0.000000 
789 0.001720 -0.199828 -0.000000 -0.000000 0.000000 -0.022302 -0.062201 7.239697 -1.285137 
790 0.001730 0.000000 0.000000 -0.001788 1.318208 -6.175874 -0.000003 0.000000 -0.000000 
791 0.001767 0.535460 -0.000012 -0.096555 -0.000005 0.000231 0.000030 -0.000183 0.000384 
792 0.001798 -0.013429 -0.000000 0.000056 0.041504 -0.016896 -13.956297 0.019833 -0.033450 
793 0.001826 0.000000 0.000000 -5.709395 -0.000725 0.000002 0.014376 -0.037699 0.000033 
794 0.001849 0.000325 0.000005 -0.000000 -0.000000 0.018087 0.020441 0.000000 0.000051 
795 0.001909 0.029484 -0.000031 -0.000810 0.000362 -0.212236 0.096246 -0.026517 0.000033 
796 0.001995 0.007659 -0.000004 -0.010704 5.384976 -2.724177 0.000000 0.000002 -0.018796 
797 0.002071 3.593184 -232.117218 -0.000005 21.864384 -0.973936 -0.022791 -0.170436 -0.001825 
798 0.002074 0.000000 0.000379 -0.022816 0.046640 -0.876660 0.001664 0.000000 -0.012933 
799 0.002320 0.000006 -0.000000 0.000000 -0.000000 0.000070 -0.764084 0.000000 0.000000 
800 0.002380 -0.000120 0.000000 0.000191 0.000000 0.001084 -0.000079 0.027752 -0.222353 
801 0.002410 0.000000 0.000038 0.001343 0.000000 0.000058 0.000002 0.000075 -0.035394 
802 0.002502 0.025385 -0.000003 -0.002528 1.442032 -3.565960 0.000371 -0.000895 0.000175 
803 0.002625 0.000001 0.001203 0.005997 -0.006519 0.000142 2.002561 -1.568720 0.065433 
804 0.002645 0.467030 -112.339188 -0.002171 0.011605 -0.015464 -0.000013 0.000000 0.000023 
805 0.002879 -0.201448 -0.000000 -0.000001 0.502036 -0.020648 -33.343773 8.878149 -0.047591 
806 0.002911 0.139331 -0.001346 -0.069531 0.000000 0.000814 0.000000 -0.061541 0.000000 
807 0.003020 -0.000119 -0.000049 -0.077774 0.008004 0.000000 -12.833540 114.950729 -0.821153 
808 0.003271 -0.000001 -0.000000 0.000336 0.011304 0.000000 0.070765 0.000000 -0.000000 
809 0.003344 0.024218 -15.466185 0.000001 0.002797 0.000000 -0.000628 -0.000000 -0.049256 
810 0.003521 0.000415 0.000000 -0.000084 0.000011 0.000117 0.000115 0.000006 0.000105 
811 0.003700 -0.000000 0.000003 -0.000002 26.188679 -2.079713 -0.000000 0.000010 -0.058598 
812 0.003768 -0.000074 0.000000 2.705905 0.000000 0.000000 0.000037 -0.000000 0.000074 
813 0.004055 -0.001083 0.000000 -0.008900 0.000000 0.000000 0.392138 0.000187 0.000000 
814 0.004226 0.015608 0.000000 -0.000000 -0.001994 0.000488 -0.029012 -0.012221 0.005473 
815 0.004335 0.366152 -58.620552 0.601244 0.184013 -3.269473 0.000659 -0.000001 0.000000 
816 0.004533 0.377736 -0.041274 -0.004691 0.986276 -3.179160 0.015967 -0.000390 0.001658 
817 0.004564 0.002064 -0.000001 -0.000000 0.000000 0.000142 -0.036826 0.000000 0.000097 
818 0.005473 0.000019 0.000000 0.000000 3.003832 -6.764417 0.007270 -0.160788 0.010476 
819 0.005663 -0.004763 0.000078 0.009036 0.735152 -7.762528 0.000001 0.000000 0.000888 
820 0.006182 -0.000000 0.000001 0.000000 0.002589 0.000000 -0.000682 -0.014911 0.012787 
821 0.006191 -0.081418 -0.036181 0.000004 0.002806 0.000052 -0.003147 -0.000735 0.005368 
822 0.006532 -0.118153 -0.000055 0.000014 0.000363 -0.000000 0.000049 0.000001 -0.004269 
823 0.006791 -0.002222 0.000000 -0.000000 0.000000 0.006368 0.027243 -0.013881 0.000500 
824 0.006997 -0.032071 -0.000007 -2.287633 0.055453 -0.366004 -0.087756 -0.000049 0.000102 
825 0.007031 0.000000 0.000091 0.044324 0.000000 0.001315 0.000199 0.051845 -0.669672 
826 0.007146 0.000063 -0.000000 -0.014243 -0.029844 0.003838 -0.061688 -0.003331 0.000074 
827 0.007208 0.000000 0.000000 0.000000 0.001438 0.000000 0.000000 -0.000035 0.000003 
828 0.007346 -0.000000 0.000473 0.000015 0.000897 0.000004 0.000026 -1.879496 0.001370 
829 0.008029 0.000183 0.000001 0.042890 0.015549 -0.506196 0.000047 -0.100762 0.000443 
830 0.008067 0.000612 0.000000 0.000000 0.043388 -0.401204 0.000281 -0.000192 0.000000 
831 0.008137 0.694836 -18.003330 -0.000010 1.885208 -2.092776 -0.000002 -0.046817 0.000038 
832 0.008142 -0.000000 0.000000 -0.000395 12.667551 -14.278208 0.000011 -0.002541 -0.014577 
833 0.008403 -0.001753 -0.000012 -0.000000 0.000094 -0.067432 -0.000039 -0.000243 0.000011 
834 0.008485 0.028775 -36.650001 0.000046 -0.000006 0.000017 0.001745 -0.000000 0.000000 
835 0.008854 0.040989 -0.000000 -0.000000 0.198127 -3.045081 0.000008 -0.923752 0.042843 
836 0.009173 0.000000 0.014900 0.011433 0.002197 -0.071754 0.025186 -0.113237 0.026875 
837 0.009429 0.000623 -0.000538 -0.000000 0.105015 -0.101589 -0.000000 0.000001 0.001168 
838 0.009484 3.751936 -114.907181 -0.007277 0.000040 0.000000 -1.328513 0.000000 0.000012 
839 0.009633 -0.000000 0.000000 0.000000 0.000010 -0.000000 14.419870 -0.000022 0.000346 
840 0.009750 0.026903 0.000000 0.000001 0.108150 -0.338014 0.000074 -0.000390 0.000000 
841 0.009893 0.007817 0.000001 0.000000 0.050981 -0.027279 0.000000 -0.006642 0.000000 
842 0.009955 0.000000 0.000277 0.000000 0.000002 0.000000 -0.029087 0.003568 -0.095877 
843 0.010420 0.000170 -0.000000 -0.000007 0.000309 0.000319 0.009415 -0.001146 0.000203 
844 0.010543 -0.000000 0.000000 -0.000255 0.009744 -0.069934 0.218725 -0.059493 0.000297 
845 0.010642 -0.013705 0.002040 5.741572 0.469754 -0.049991 -0.000001 0.007714 -0.000383 
846 0.011164 0.003876 -0.000000 -0.435396 0.006667 0.000000 0.000004 0.000007 0.005088 
847 0.011172 -0.023281 -0.000002 -0.000336 -0.000000 0.000036 0.759448 -0.028705 0.000007 
848 0.012844 0.000050 0.000000 -0.032969 0.004277 -0.110102 -0.177224 0.030602 -0.236420 
849 0.013284 28.479504 -290.014218 -0.000000 0.001304 0.000141 0.012746 0.000331 0.000000 
850 0.013434 0.312550 -0.000000 -0.006271 0.000000 0.000234 55.302009 -1.957224 0.003906 
851 0.013602 0.088079 -0.000584 0.000028 -0.000001 0.000181 0.071484 -0.000045 0.000234 
852 0.013845 -0.000020 0.000000 0.000052 -0.000000 0.000410 49.574165 -0.576888 0.021036 
853 0.014600 0.000013 0.000000 -0.000000 -0.000000 0.021432 0.000000 -0.000120 0.000531 
854 0.014752 0.000000 0.000000 0.000234 0.000001 0.000706 0.000012 -0.000073 0.003606 
855 0.015038 -0.012432 0.001901 0.001168 0.000071 0.000008 0.391294 -0.000025 -0.000000 
856 0.015133 0.000000 0.000106 -0.000001 0.075852 -0.000812 -9.685545 0.000007 -0.012123 
857 0.015201 0.000046 0.000000 0.000285 0.001383 0.000001 0.000000 -0.000928 0.001848 
858 0.015748 0.000000 -0.000009 -0.000416 0.051140 -0.222207 -0.478928 0.001802 0.000000 
859 0.016680 0.005937 0.000000 0.000008 -0.000000 0.003056 0.000000 0.000000 -0.013466 
860 0.016996 0.000058 -0.002972 0.000037 -0.018016 0.001853 0.213798 -0.014370 0.004955 
861 0.017204 -0.000356 0.000000 -0.000000 0.538040 -7.315057 -0.000001 0.000000 -0.052424 
862 0.017318 38.799644 -277.922057 0.000000 0.000010 -0.050680 -0.000368 0.000000 -0.147242 
863 0.017785 0.000001 0.000000 -0.000000 0.000003 0.014024 0.000000 -0.000002 0.000039 
864 0.017889 -0.000228 -0.000000 0.002410 -0.000011 0.001291 -0.000002 -0.000041 -0.046811 
865 0.017925 -0.000055 -0.000000 0.000000 0.000000 0.040163 -0.000000 0.100968 -0.117587 
866 0.018054 -0.043579 -0.000404 -0.000000 -0.000007 0.003789 -0.140738 -0.000006 0.000027 
867 0.018595 -0.000000 0.009723 -0.000542 0.000000 0.036094 -0.000000 0.000000 0.000024 
868 0.018843 0.031053 0.000000 -0.000006 0.079900 -0.030598 4.587537 -0.000010 0.000424 
869 0.019829 -0.025883 -0.000000 0.000264 0.002525 -0.236164 0.000000 -0.000098 0.012918 
870 0.019987 -0.005868 0.000010 0.003426 -0.000061 -0.000000 -0.047783 -0.003392 0.000006 
871 0.021014 0.020365 -0.000000 0.000000 0.000000 0.008557 -0.000000 0.000627 -0.056383 
872 0.021277 -0.003416 -0.000000 -0.000714 1.504456 -4.241681 0.000003 0.000048 0.000101 
873 0.022561 -0.009430 0.000023 4.549664 0.000000 -0.009356 -0.000477 0.496016 -0.369448 
874 0.022758 -0.025968 0.000000 -0.000015 0.017809 -0.202172 -0.374706 -0.000018 0.000000 
875 0.024377 0.000000 0.000000 -0.000000 0.000000 0.005297 -0.000000 0.000000 0.000012 
876 0.026026 0.056562 -0.000169 -0.000000 0.000000 0.000719 -0.000719 0.000055 0.000005 
877 0.026948 -0.460750 -0.000000 -0.000000 0.014625 0.000001 -0.000000 -0.001363 0.000195 
878 0.028165 -0.011172 -0.000001 0.105193 0.000000 -0.028909 -0.011065 0.684540 -0.422654 
879 0.029402 387.728332 -618.916380 0.000000 -0.004323 0.000042 0.001404 -0.000014 0.000000 
880 0.030158 -0.015566 -0.000189 -0.472180 5.865808 -3.584912 -0.000000 0.000000 -0.020839 
881 0.030292 -0.000020 -0.000004 -0.030546 -0.000000 0.000053 -0.000054 -0.001443 0.000052 
882 0.031448 -0.000239 -0.000000 -1.605529 36.787346 -0.019891 -0.000663 -0.002858 0.000000 
883 0.032037 -0.016210 -0.000000 0.000000 -0.000118 0.000443 0.000000 0.001504 -0.003013 
884 0.032124 -0.002823 -0.001467 0.021878 0.000045 0.006032 0.000027 0.000000 -0.065454 
885 0.035309 0.081004 -0.000034 -0.000000 1.515584 -2.693289 0.050297 -0.000386 0.000021 
886 0.035334 -0.006685 -0.000000 -0.000143 1.150913 -3.062256 0.000000 0.000000 -0.020487 
887 0.038574 -0.493106 -0.013020 -0.000001 -0.003909 0.005639 -3.377225 -0.000000 -0.005601 
888 0.039516 12.951849 -119.503616 -2.653993 5.282722 -3.438384 0.000000 -0.000057 0.000027 
889 0.042233 -0.003716 -0.000191 -0.000531 0.000000 -0.000000 0.000000 -0.000054 0.000160 
890 0.042596 -0.082200 -0.014437 0.000000 0.017391 -0.751928 -18.906826 14.483366 -0.128553 
891 0.042844 0.003044 -0.000000 -0.000007 0.002002 -0.035296 -0.072849 0.299984 -0.125182 
892 0.044777 -0.000000 0.000050 0.000154 0.000001 0.002557 0.000822 -0.020734 0.001000 
893 0.047003 -0.023996 0.000000 -0.000000 -0.000000 0.001026 -0.000545 -0.010358 0.013970 
894 0.047531 -0.000000 0.001486 0.052858 0.000938 -0.053963 -0.000166 -0.000004 0.011605 
895 0.047819 0.000000 -0.001047 -0.124226 -0.012393 0.014063 -0.000000 -0.000000 0.006113 
896 0.048283 0.001025 -0.000000 -0.000000 -0.000530 0.000102 -0.000000 -0.002948 0.000001 
897 0.051545 0.474450 -0.007254 0.000004 3.473368 -0.028796 -0.010875 0.497610 -1.153937 
898 0.052812 -0.001877 0.046548 0.180567 -0.000048 0.002452 -0.041609 -0.036146 0.000103 
899 0.053839 0.036783 -0.000000 -0.000000 -0.000191 0.000603 0.000000 0.007638 -0.210253 
900 0.055382 -0.000006 0.001373 -0.001174 4.289521 -7.876271 0.000237 -0.000052 0.000363 
901 0.055752 -0.021751 0.000000 0.025385 0.122797 -0.628196 -0.000862 0.000112 0.002413 
902 0.056668 0.000038 -0.000014 -0.000420 4.181088 -2.367440 0.000000 -0.000000 0.000000 
903 0.057462 -0.000000 -0.000000 -0.000010 -0.191684 0.008534 1.096377 -2.802016 0.109830 
904 0.057575 0.195051 -0.000000 -0.017457 0.000418 0.000681 -0.000009 1.789232 -1.100456 
905 0.058076 -0.046932 -0.011437 -0.000000 0.004675 -0.000000 -0.000000 -0.000000 0.000001 
906 0.059508 0.000814 0.000000 -0.000029 0.000004 0.001386 0.000000 0.001366 -0.166231 
907 0.059636 0.000130 0.000007 0.037075 -0.000432 0.004159 -0.000000 0.000000 0.000031 
908 0.061383 -0.009413 -0.000000 0.015796 -0.000000 0.000000 -0.000640 0.000199 -0.012777 
909 0.061759 0.220443 -0.079034 -0.206883 2.730770 -2.283720 0.000635 -2.290889 0.003329 
910 0.064239 0.000000 0.000000 0.000001 0.012097 -0.031151 -0.001389 0.000000 0.000435 
911 0.065345 0.221088 -0.000000 -0.012355 14.865061 -13.836290 -0.000000 -0.000000 0.000000 
912 0.073433 0.000931 0.000000 -0.000001 -0.000000 0.000414 24.890636 0.000037 0.000324 
913 0.073689 0.025533 -0.000905 0.000020 0.007110 -0.498652 0.000000 0.000002 -0.190732 
914 0.080279 -0.055003 -0.000001 -0.000695 0.002772 -0.137691 -0.000000 -0.000747 -0.000000 
915 0.080374 5.339988 -0.012793 -0.001585 -0.000000 0.053040 -0.000000 -0.000000 0.000001 
916 0.083119 0.000952 0.000002 0.000065 -0.000969 0.011362 0.000370 -0.000179 0.000980 
917 0.083489 0.000000 0.000000 0.003145 1.824280 -2.883112 0.049368 0.000383 0.000458 
918 0.083955 -0.030637 0.000878 0.155273 0.000082 0.000391 -0.000000 -0.000005 0.000062 
919 0.092564 0.103948 -0.000014 -0.038515 0.000014 0.015829 0.000001 -0.000406 0.000000 
920 0.092704 -0.000000 0.000063 0.000158 1.287896 -0.191040 0.000135 -0.062173 0.007003 
921 0.093350 3.706664 -66.234390 -0.009008 5.681199 -2.938889 -0.000000 0.000000 0.000000 
922 0.093926 -0.000000 0.000000 -0.000009 -0.010716 0.000000 -0.017942 0.000000 -0.015688 
923 0.095984 0.000014 -0.000009 0.000004 7.333329 -18.226048 -4.913764 0.717956 -0.202787 
924 0.096545 1.106952 -0.000040 -0.000002 -0.000414 0.000195 0.100186 -1.024688 0.000397 
925 0.097637 -0.000000 -0.000000 -0.000000 0.000000 0.000176 0.903244 -0.416368 0.035080 
926 0.100086 4.016065 -1208.148682 0.000000 0.000001 0.013272 0.061710 -0.022649 0.000064 
927 0.103567 -0.000405 0.000005 0.000000 0.000180 0.000034 0.000000 -0.000222 0.000003 
928 0.104523 0.000036 -0.000111 0.000000 0.118643 -0.372510 -0.011240 -0.000878 0.000075 
929 0.104588 0.000091 0.000000 0.069408 -0.000127 0.071875 -0.000109 0.000000 0.000009 
930 0.107092 1.451785 -729.931763 0.000000 6.077664 -5.518880 27.836735 -1.448081 0.000002 
931 0.110658 0.000006 0.001664 -0.015736 -0.000000 0.000820 0.000854 -2.048313 0.000821 
932 0.113257 0.000000 0.000000 0.000002 0.000000 0.000000 0.000041 -0.000096 0.000000 
933 0.117259 0.020279 0.000000 -0.000001 0.000290 -0.027521 0.000000 0.007625 -0.051283 
934 0.117504 22.177608 -376.256652 -0.000000 0.000000 0.013672 0.000205 -0.000000 0.000096 
935 0.121005 0.104057 -0.000000 0.119126 0.000566 0.000016 0.000000 0.000090 0.000000 
936 0.125953 0.074342 -0.010799 0.000304 3.131176 -10.510660 -0.000230 0.000016 -0.579180 
937 0.130751 -0.004730 0.000973 0.000054 -0.000013 0.118352 0.027058 0.000000 0.000325 
938 0.146506 -0.000000 0.000000 -0.000000 0.000000 0.000112 0.029344 -0.000000 0.003067 
939 0.147637 -0.000000 0.000000 -0.000000 0.051564 -1.847777 -0.000000 0.000006 0.000000 
940 0.161109 0.000000 0.000000 0.012375 -0.000337 0.001752 -0.000000 0.003409 -0.002881 
941 0.169132 -0.000958 -0.000003 0.000000 0.057522 -0.015243 0.000000 0.000011 0.000000 
942 0.169302 -0.000001 -0.000000 0.070203 -0.001212 0.012712 -0.010048 0.000000 0.000043 
943 0.171165 0.000000 0.000000 -0.000002 0.001318 0.000000 -0.000729 -0.000426 0.000766 
944 0.182433 0.000000 -0.000000 3.721072 0.000002 0.000003 121.498367 0.000514 0.000048 
945 0.215116 -0.000000 -0.000000 -0.000000 0.117781 -3.313368 -0.000000 0.000522 -0.006590 
946 0.217540 -0.028359 -0.000000 0.214131 -0.000002 0.011909 -0.000000 0.000149 -0.000000 
947 0.218201 0.000012 -0.000000 -0.000033 -0.000001 0.000000 -0.107207 0.000000 0.000006 
948 0.239405 0.030522 -20.832645 -0.000269 0.324820 -0.029816 -0.003304 0.002146 0.000002 
949 0.240286 -0.000000 -0.011475 -0.112181 0.000000 0.023873 0.032874 -0.000000 -0.020028 
950 0.257616 0.000001 0.000000 0.000171 7.284963 -10.742113 -0.009492 0.000288 -0.067280 
951 0.276926 -0.000000 0.000326 -0.000000 2.846657 -0.016941 0.000000 -0.051517 -0.000000 
952 0.280652 -0.000000 -0.000000 0.000027 0.000000 0.031923 -0.000415 -0.000002 0.000060 
953 0.285700 1.258696 -0.085002 -0.000053 0.232479 -0.627220 -0.000000 -0.000091 0.000001 
954 0.306894 0.397776 -0.051494 0.000001 3.247810 -0.242860 2.105633 -0.955248 0.006689 
955 0.336542 -0.000000 0.000012 0.000010 6.857074 -1.909072 0.000002 -3.975074 0.000001 
956 0.404470 35.945351 -59.947685 -0.000001 0.000000 0.000000 0.000128 0.000000 -0.018540 
957 0.416490 781.025757 -193.977386 0.000000 8.070597 -13.508707 0.108641 -0.001028 -0.000000 
958 0.437764 -0.000000 -0.000067 -0.000000 0.000001 -0.000001 -0.809945 1.544665 -1.481344 
959 0.448182 0.659072 -205.304352 -0.013334 0.178227 -0.283728 -0.142924 -0.000248 0.000261 
960 0.459398 0.012058 -0.000102 -0.001515 0.000340 0.000034 0.046261 -0.000000 0.004192 
961 0.522804 -0.000000 0.000636 0.000412 7.205712 -9.799074 3.517201 -1.699089 0.000000 
962 0.540912 0.229356 -4.537232 0.000000 1.548552 -6.396066 0.000855 0.000182 -0.117180 
963 0.589992 554.447876 -1329.259516 -0.306242 0.000000 0.001062 -0.000000 -0.042098 0.000917 
964 0.621484 0.000000 -0.000000 0.000003 0.015738 -0.206504 -6.854032 -0.000000 -0.011209 
965 0.766636 0.012120 -0.000082 -0.000078 0.000000 0.001947 -0.000000 0.060466 -0.007369 
966 0.877812 -0.007395 -0.000000 43.153541 0.050470 -0.040272 0.011300 -0.000257 -0.000000 
967 0.950772 0.003838 -0.000000 -0.000002 1.360072 -8.188227 -0.000000 -0.000046 -0.029677 
968 1.040801 -0.000141 -0.000008 -0.000000 2.301866 -0.452868 0.000000 0.000000 0.018143 
969 1.143928 0.231634 -333.845520 0.000167 -0.058509 0.000872 0.000000 0.000000 -0.075731 
970 1.340801 0.000001 0.014220 0.000000 -0.000000 0.032665 -0.003531 0.000000 -0.006344 
971 1.405792 0.000000 0.000123 0.000003 0.000226 -0.000000 2.418841 -0.000715 0.003508 
972 1.480224 0.048703 -0.000000 0.000043 7.150640 -12.773378 0.000000 -0.000713 0.000000 
973 1.504184 0.000270 0.000160 0.000944 0.102372 -1.308816 0.000604 -0.011512 0.000147 
974 1.504665 0.000002 0.000170 -0.000661 0.007925 -0.024182 0.030653 -0.000000 0.003780 
975 1.640240 -0.000000 -0.000000 0.051230 0.000157 -0.346430 -0.000077 0.109009 -0.887240 
976 1.681113 2.785585 -17.773388 -0.013903 0.001844 -0.022522 0.000050 0.000000 -0.059183 
977 1.717168 787.265992 -18.035976 -5.412162 29.936069 -3.153738 -0.000408 -0.000001 0.000000 
978 1.734152 0.000000 -0.000000 -0.000000 -0.000059 0.000485 0.028666 -0.012418 0.001186 
979 1.970456 -0.001684 -0.000000 -0.000882 -0.000000 0.026059 -0.097170 -0.017432 0.000057 
980 2.062121 0.000000 -0.000000 0.000328 -0.012020 0.029716 0.000003 0.000000 0.000001 
981 2.145698 4.676114 -615.946410 0.000005 0.041852 0.000000 1.223993 -0.003563 0.000000 
982 2.445296 0.000432 -0.000094 -0.000226 0.000000 0.000073 0.000000 0.000000 0.000107 
983 2.503544 0.000000 0.000000 0.000004 -0.000276 0.000000 -0.200960 0.000000 0.000005 
984 2.591128 0.000042 0.000001 0.000000 -0.000000 0.000000 -0.006795 -0.229083 0.000001 
985 2.643368 -0.000000 0.000010 0.004464 -0.000000 0.000614 -0.044802 -0.000127 0.000110 
986 3.069416 1.010744 -0.000010 -0.016132 117.960739 -14.150339 -0.000000 -0.000000 -0.000000 
987 3.087201 -0.025113 -0.000000 -0.000013 0.245235 -3.922993 -0.000626 -0.000000 0.001213 
988 3.374304 -0.000005 -5.658339 -0.469738 -0.000033 0.000628 -4.763442 0.001530 -0.041966 
989 3.404433 6.875184 -0.891584 -0.083750 17.821331 -4.348817 -0.000238 -0.000011 -0.009639 
990 3.433281 0.210303 -0.000000 0.000066 -0.021142 0.090067 -0.000659 0.633816 -0.198672 
991 3.485840 783.545531 -811.038939 -0.000041 57.488792 -0.000012 -0.584932 -0.000000 0.000000 
992 3.505874 0.000977 -0.001672 -0.000006 -0.004401 0.000001 -0.000061 -0.000000 0.001122 
993 3.508602 0.617140 -0.000865 -0.374150 0.977324 -11.346788 -0.155329 -0.000000 -0.002638 
994 3.611241 -0.000039 -0.000142 -0.000055 0.001453 -0.111913 -0.001736 0.000000 0.000000 
995 3.860360 0.004848 -0.000000 -0.000052 4.257985 -2.547673 -0.154696 0.000000 0.000000 
996 4.246530 0.000390 -0.000006 0.000001 0.000075 0.000490 0.003564 -0.000235 0.003234 
997 4.603745 -0.000000 -0.000024 -0.099487 0.000000 0.000914 0.025946 -0.399284 0.000027 
998 4.819440 3.844450 -153.727019 0.000000 1.983529 -2.439833 0.000001 -0.003198 0.002257 
999 5.864640 720.694702 -148.726898 -0.000252 7.390532 -0.229565 -0.228837 -0.000000 -0.031923 
