*****************************************************************************************************************

File:Image_data/color17695.bin
numObjs       = 17695
numCoords     = 9
numClusters   = 1000
threshold     = 0.000500
I/O time           =     0.0050 sec
Computation timing =     1.9677 sec

clusters[0]=  -0.10  -0.02  -0.37  -3.39  -0.04   0.00 -29.06   0.00  -0.00
clusters[1]=  -0.02   0.69 -11.01   0.06   5.00  -1.58   0.02  -0.55   0.00
clusters[2]=   0.89  -0.01   0.00   1.04   0.00  -0.08  -0.33   0.02  -0.00
clusters[3]=   0.41   2.11 -74.27   0.21   0.22  -0.75   0.60  -0.01   0.00
clusters[4]=  -0.08  -0.00   0.00  -0.01  -0.00   0.01  -0.03  -0.00   0.00
clusters[5]=   0.87  -0.00   0.00  -0.01  -0.01   0.00  -0.00  -0.00  -0.00
clusters[6]=   2.14  -0.00   0.00  -0.01  -0.00   0.01  -0.00   0.76  -0.77
clusters[7]=   0.98  -0.01 -17.33  -0.00  11.32  -0.63  -0.58  -0.31   0.00
clusters[8]=  -0.03   0.22 -12.36  -0.13   0.10   0.01   0.00  -0.05   0.00
clusters[9]=  -0.03   0.00  -0.00  -0.59  13.96   0.04  -1.53  -0.00  -0.00
clusters[10]=  -0.06   0.01  -0.01  -0.14   1.08  -0.59   0.00  -0.01   0.00

clusters[600]=   0.45   0.10 -16.40  -0.18   0.05  -0.66   0.62  -0.59   0.02
clusters[601]=   1.04   1.20   0.02  -1.17  -0.01  -0.10  -0.00  -7.46   0.00
clusters[602]=   0.01  -0.01   0.00  12.20  -0.00   0.00   0.42   0.00   0.00
clusters[603]=   0.71   0.93 -28.48  -0.00   7.08  -0.38  -0.30   0.00  -0.02
clusters[604]=  -0.00  -0.01   0.00   0.01   0.03  -0.39  -0.00   0.37  -0.44
clusters[605]=   0.08   0.00   0.00   0.01   0.04  -0.14   0.00  -0.07   0.00
clusters[606]=   0.03  -0.01  -0.00  -0.05   0.02  -0.08  -6.34   3.79  -1.22
clusters[607]=  -0.01  -0.00  -0.00   0.82   0.09  -0.01  -0.38   0.00  -0.00
clusters[608]=  -0.00  -0.00   0.00   0.00   0.00  -0.01  -1.45   0.04  -0.05
clusters[609]=  -0.01   0.03 -17.53   1.70  -0.02   0.00   0.00   0.02  -0.04
clusters[610]=   1.26  27.42 -76.99  -0.01   1.94  -1.69   0.02  -0.01   0.00

clusters[990]=   0.86   0.05   0.00  -0.00  -0.01   0.02  -0.00   0.71  -0.20
clusters[991]=   0.30  19.42 -257.87  -0.12   0.98  -1.37  -0.00   0.05   0.00
clusters[992]=   0.45   0.04   0.00   0.02   0.06  -0.74   0.29  -0.78   0.00
clusters[993]=  -0.04  -0.00   0.00  -0.01  -0.01   0.00  -0.00  -0.00  -0.00
clusters[994]=   0.31   0.01   0.00   0.00  -0.00  -0.01  -1.08   0.04   0.00
clusters[995]=   0.57   0.31  -0.00  -0.58   0.47  -0.27  -0.84   0.00   0.00
clusters[996]=   0.28   0.11  -0.01  -0.01   2.45  -0.33  -0.01  -1.42   0.00
clusters[997]=   0.51   0.02   0.00   0.14   0.99  -1.46   0.02  -0.09   0.00
clusters[998]=   0.44   0.91 -19.10  -0.03   0.25  -0.26   0.17  -0.06   0.00
clusters[999]=   0.65  80.08 -16.53   0.01   0.82  -0.03  -0.04   0.00  -0.03

*****************************************************************************************************************

Input file:     Image_data/color17695.bin
numObjs       = 15484
numCoords     = 9
numClusters   = 1000
threshold     = 0.000500
I/O time           =     0.0051 sec
Computation timing =     1.6937 sec
clusters[0]=  -0.10  -0.02  -0.37  -3.39  -0.04   0.00 -29.06   0.00  -0.00     *       clusters[0]=  -0.10  -0.02  -0.37  -3.39  -0.04   0.00 -29.06   0.00  -0.00
clusters[1]=  -0.02   0.69 -11.01   0.06   5.00  -1.58   0.02  -0.55   0.00     *       clusters[1]=  -0.02   0.69 -11.01   0.06   5.00  -1.58   0.02  -0.55   0.00
clusters[2]=   0.89  -0.01   0.00   1.04   0.00  -0.08  -0.33   0.02  -0.00     *       clusters[2]=   0.89  -0.01   0.00   1.04   0.00  -0.08  -0.33   0.02  -0.00
clusters[3]=   0.41   2.11 -74.27   0.21   0.22  -0.75   0.60  -0.01   0.00     *       clusters[3]=   0.41   2.11 -74.27   0.21   0.22  -0.75   0.60  -0.01   0.00
clusters[4]=  -0.08  -0.00   0.00  -0.01  -0.00   0.01  -0.03  -0.00   0.00     *       clusters[4]=  -0.08  -0.00   0.00  -0.01  -0.00   0.01  -0.03  -0.00   0.00             SAME
clusters[5]=   0.87  -0.00   0.00  -0.01  -0.01   0.00  -0.00  -0.00  -0.00     VS      clusters[5]=   0.87  -0.00   0.00  -0.01  -0.01   0.00  -0.00  -0.00  -0.00
clusters[6]=   2.14  -0.00   0.00  -0.01  -0.00   0.01  -0.00   0.76  -0.77     *       clusters[6]=   2.14  -0.00   0.00  -0.01  -0.00   0.01  -0.00   0.76  -0.77
clusters[7]=   0.98  -0.01 -17.33  -0.00  11.32  -0.63  -0.58  -0.31   0.00     *       clusters[7]=   0.98  -0.01 -17.33  -0.00  11.32  -0.63  -0.58  -0.31   0.00
clusters[8]=  -0.03   0.22 -12.36  -0.13   0.10   0.01   0.00  -0.05   0.00     *       clusters[8]=  -0.03   0.22 -12.36  -0.13   0.10   0.01   0.00  -0.05   0.00
clusters[9]=  -0.03   0.00  -0.00  -0.59  13.96   0.04  -1.53  -0.00  -0.00     *       clusters[9]=  -0.03   0.00  -0.00  -0.59  13.96   0.04  -1.53  -0.00  -0.00

clusters[600]=   0.45   0.10 -16.40  -0.18   0.05  -0.66   0.62  -0.59   0.02       *       clusters[600]=   0.45   0.10 -16.40  -0.18   0.05  -0.66   0.62  -0.59   0.02
clusters[601]=   1.04   1.20   0.02  -1.17  -0.01  -0.10  -0.00  -7.46   0.00       *       clusters[601]=   1.04   1.20   0.02  -1.17  -0.01  -0.10  -0.00  -7.46   0.00
clusters[602]=   0.01  -0.01   0.00  12.20  -0.00   0.00   0.42   0.00   0.00       *       clusters[602]=   0.01  -0.01   0.00  12.20  -0.00   0.00   0.42   0.00   0.00
clusters[603]=   0.71   0.93 -28.48  -0.00   7.08  -0.38  -0.30   0.00  -0.02       *       clusters[603]=   0.71   0.93 -28.48  -0.00   7.08  -0.38  -0.30   0.00  -0.02
clusters[604]=  -0.00  -0.01   0.00   0.01   0.03  -0.39  -0.00   0.37  -0.44       *       clusters[604]=  -0.00  -0.01   0.00   0.01   0.03  -0.39  -0.00   0.37  -0.44
clusters[605]=   0.08   0.00   0.00   0.01   0.04  -0.14   0.00  -0.07   0.00       VS      clusters[605]=   0.08   0.00   0.00   0.01   0.04  -0.14   0.00  -0.07   0.00       SAME
clusters[606]=   0.03  -0.01  -0.00  -0.05   0.02  -0.08  -6.34   3.79  -1.22       *       clusters[606]=   0.03  -0.01  -0.00  -0.05   0.02  -0.08  -6.34   3.79  -1.22
clusters[607]=  -0.01  -0.00  -0.00   0.82   0.09  -0.01  -0.38   0.00  -0.00       *       clusters[607]=  -0.01  -0.00  -0.00   0.82   0.09  -0.01  -0.38   0.00  -0.00
clusters[608]=  -0.00  -0.00   0.00   0.00   0.00  -0.01  -1.45   0.04  -0.05       *       clusters[608]=  -0.00  -0.00   0.00   0.00   0.00  -0.01  -1.45   0.04  -0.05
clusters[609]=  -0.01   0.03 -17.53   1.70  -0.02   0.00   0.00   0.02  -0.04       *       clusters[609]=  -0.01   0.03 -17.53   1.70  -0.02   0.00   0.00   0.02  -0.04
clusters[610]=   1.26  27.42 -76.99  -0.01   1.94  -1.69   0.02  -0.01   0.00       *       clusters[610]=   1.26  27.42 -76.99  -0.01   1.94  -1.69   0.02  -0.01   0.00

clusters[990]=   0.86   0.05   0.00  -0.00  -0.01   0.02  -0.00   0.71  -0.20       *       clusters[990]=   0.86   0.05   0.00  -0.00  -0.01   0.02  -0.00   0.71  -0.20
clusters[991]=   0.30  19.42 -257.87  -0.12   0.98  -1.37  -0.00   0.05   0.00      *       clusters[991]=   0.30  19.42 -257.87  -0.12   0.98  -1.37  -0.00   0.05   0.00
clusters[992]=   0.45   0.04   0.00   0.02   0.06  -0.74   0.29  -0.78   0.00       *       clusters[992]=   0.45   0.04   0.00   0.02   0.06  -0.74   0.29  -0.78   0.00
clusters[993]=  -0.04  -0.00   0.00  -0.01  -0.01   0.00  -0.00  -0.00  -0.00       *       clusters[993]=  -0.04  -0.00   0.00  -0.01  -0.01   0.00  -0.00  -0.00  -0.00
clusters[994]=   0.31   0.01   0.00   0.00  -0.00  -0.01  -1.08   0.04   0.00       VS      clusters[994]=   0.31   0.01   0.00   0.00  -0.00  -0.01  -1.08   0.04   0.00
clusters[995]=   0.57   0.31  -0.00  -0.58   0.47  -0.27  -0.84   0.00   0.00       *       clusters[995]=   0.57   0.31  -0.00  -0.58   0.47  -0.27  -0.84   0.00   0.00       SAME
clusters[996]=   0.28   0.11  -0.01  -0.01   2.45  -0.33  -0.01  -1.42   0.00       *       clusters[996]=   0.28   0.11  -0.01  -0.01   2.45  -0.33  -0.01  -1.42   0.00
clusters[997]=   0.51   0.02   0.00   0.14   0.99  -1.46   0.02  -0.09   0.00       *       clusters[997]=   0.51   0.02   0.00   0.14   0.99  -1.46   0.02  -0.09   0.00
clusters[998]=   0.44   0.91 -19.10  -0.03   0.25  -0.26   0.17  -0.06   0.00       *       clusters[998]=   0.44   0.91 -19.10  -0.03   0.25  -0.26   0.17  -0.06   0.00
clusters[999]=   0.65  80.08 -16.53   0.01   0.82  -0.03  -0.04   0.00  -0.03       *       clusters[999]=   0.65  80.08 -16.53   0.01   0.82  -0.03  -0.04   0.00  -0.03

*****************************************************************************************************************

Input file:     Image_data/color17695.bin
numObjs       = 13272
numCoords     = 9
numClusters   = 1000
threshold     = 0.000500
I/O time           =     0.0048 sec
Computation timing =     1.4506 sec
clusters[0]=  -0.10  -0.02  -0.37  -3.39  -0.04   0.00 -29.06   0.00  -0.00     *       clusters[0]=  -0.10  -0.02  -0.37  -3.39  -0.04   0.00 -29.06   0.00  -0.00
clusters[1]=  -0.02   0.69 -11.01   0.06   5.00  -1.58   0.02  -0.55   0.00     *       clusters[1]=  -0.02   0.69 -11.01   0.06   5.00  -1.58   0.02  -0.55   0.00
clusters[2]=   0.89  -0.01   0.00   1.04   0.00  -0.08  -0.33   0.02  -0.00     *       clusters[2]=   0.89  -0.01   0.00   1.04   0.00  -0.08  -0.33   0.02  -0.00
clusters[3]=   0.41   2.11 -74.27   0.21   0.22  -0.75   0.60  -0.01   0.00     *       clusters[3]=   0.41   2.11 -74.27   0.21   0.22  -0.75   0.60  -0.01   0.00
clusters[4]=  -0.08  -0.00   0.00  -0.01  -0.00   0.01  -0.03  -0.00   0.00     *       clusters[4]=  -0.08  -0.00   0.00  -0.01  -0.00   0.01  -0.03  -0.00   0.00             SAME
clusters[5]=   0.87  -0.00   0.00  -0.01  -0.01   0.00  -0.00  -0.00  -0.00     VS      clusters[5]=   0.87  -0.00   0.00  -0.01  -0.01   0.00  -0.00  -0.00  -0.00 
clusters[6]=   2.14  -0.00   0.00  -0.01  -0.00   0.01  -0.00   0.76  -0.77     *       clusters[6]=   2.14  -0.00   0.00  -0.01  -0.00   0.01  -0.00   0.76  -0.77
clusters[7]=   0.98  -0.01 -17.33  -0.00  11.32  -0.63  -0.58  -0.31   0.00     *       clusters[7]=   0.98  -0.01 -17.33  -0.00  11.32  -0.63  -0.58  -0.31   0.00
clusters[8]=  -0.03   0.22 -12.36  -0.13   0.10   0.01   0.00  -0.05   0.00     *       clusters[8]=  -0.03   0.22 -12.36  -0.13   0.10   0.01   0.00  -0.05   0.00
clusters[9]=  -0.03   0.00  -0.00  -0.59  13.96   0.04  -1.53  -0.00  -0.00     *        clusters[9]=  -0.03   0.00  -0.00  -0.59  13.96   0.04  -1.53  -0.00  -0.00        

clusters[600]=   0.45   0.10 -16.40  -0.18   0.05  -0.66   0.62  -0.59   0.02       *       clusters[600]=   0.45   0.10 -16.40  -0.18   0.05  -0.66   0.62  -0.59   0.02
clusters[601]=   1.04   1.20   0.02  -1.17  -0.01  -0.10  -0.00  -7.46   0.00       *       clusters[601]=   1.04   1.20   0.02  -1.17  -0.01  -0.10  -0.00  -7.46   0.00
clusters[602]=   0.01  -0.01   0.00  12.20  -0.00   0.00   0.42   0.00   0.00       *       clusters[602]=   0.01  -0.01   0.00  12.20  -0.00   0.00   0.42   0.00   0.00
clusters[603]=   0.71   0.93 -28.48  -0.00   7.08  -0.38  -0.30   0.00  -0.02       *       clusters[603]=   0.71   0.93 -28.48  -0.00   7.08  -0.38  -0.30   0.00  -0.02
clusters[604]=  -0.00  -0.01   0.00   0.01   0.03  -0.39  -0.00   0.37  -0.44       *       clusters[604]=  -0.00  -0.01   0.00   0.01   0.03  -0.39  -0.00   0.37  -0.44
clusters[605]=   0.08   0.00   0.00   0.01   0.04  -0.14   0.00  -0.07   0.00       VS      clusters[605]=   0.08   0.00   0.00   0.01   0.04  -0.14   0.00  -0.07   0.00       SAME
clusters[606]=   0.03  -0.01  -0.00  -0.05   0.02  -0.08  -6.34   3.79  -1.22       *       clusters[606]=   0.03  -0.01  -0.00  -0.05   0.02  -0.08  -6.34   3.79  -1.22
clusters[607]=  -0.01  -0.00  -0.00   0.82   0.09  -0.01  -0.38   0.00  -0.00       *       clusters[607]=  -0.01  -0.00  -0.00   0.82   0.09  -0.01  -0.38   0.00  -0.00
clusters[608]=  -0.00  -0.00   0.00   0.00   0.00  -0.01  -1.45   0.04  -0.05       *       clusters[608]=  -0.00  -0.00   0.00   0.00   0.00  -0.01  -1.45   0.04  -0.05
clusters[609]=  -0.01   0.03 -17.53   1.70  -0.02   0.00   0.00   0.02  -0.04       *       clusters[609]=  -0.01   0.03 -17.53   1.70  -0.02   0.00   0.00   0.02  -0.04
clusters[610]=   1.26  27.42 -76.99  -0.01   1.94  -1.69   0.02  -0.01   0.00       *       clusters[610]=   1.26  27.42 -76.99  -0.01   1.94  -1.69   0.02  -0.01   0.00

clusters[990]=   0.86   0.05   0.00  -0.00  -0.01   0.02  -0.00   0.71  -0.20       *       clusters[990]=   0.86   0.05   0.00  -0.00  -0.01   0.02  -0.00   0.71  -0.20
clusters[991]=   0.30  19.42 -257.87  -0.12   0.98  -1.37  -0.00   0.05   0.00      *       clusters[991]=   0.30  19.42 -257.87  -0.12   0.98  -1.37  -0.00   0.05   0.00
clusters[992]=   0.45   0.04   0.00   0.02   0.06  -0.74   0.29  -0.78   0.00       *       clusters[992]=   0.45   0.04   0.00   0.02   0.06  -0.74   0.29  -0.78   0.00
clusters[993]=  -0.04  -0.00   0.00  -0.01  -0.01   0.00  -0.00  -0.00  -0.00       *       clusters[993]=  -0.04  -0.00   0.00  -0.01  -0.01   0.00  -0.00  -0.00  -0.00
clusters[994]=   0.31   0.01   0.00   0.00  -0.00  -0.01  -1.08   0.04   0.00       VS      clusters[994]=   0.31   0.01   0.00   0.00  -0.00  -0.01  -1.08   0.04   0.00
clusters[995]=   0.57   0.31  -0.00  -0.58   0.47  -0.27  -0.84   0.00   0.00       *       clusters[995]=   0.57   0.31  -0.00  -0.58   0.47  -0.27  -0.84   0.00   0.00       SAME
clusters[996]=   0.28   0.11  -0.01  -0.01   2.45  -0.33  -0.01  -1.42   0.00       *       clusters[996]=   0.28   0.11  -0.01  -0.01   2.45  -0.33  -0.01  -1.42   0.00
clusters[997]=   0.51   0.02   0.00   0.14   0.99  -1.46   0.02  -0.09   0.00       *       clusters[997]=   0.51   0.02   0.00   0.14   0.99  -1.46   0.02  -0.09   0.00
clusters[998]=   0.44   0.91 -19.10  -0.03   0.25  -0.26   0.17  -0.06   0.00       *       clusters[998]=   0.44   0.91 -19.10  -0.03   0.25  -0.26   0.17  -0.06   0.00
clusters[999]=   0.65  80.08 -16.53   0.01   0.82  -0.03  -0.04   0.00  -0.03       *       clusters[999]=   0.65  80.08 -16.53   0.01   0.82  -0.03  -0.04   0.00  -0.03

*****************************************************************************************************************

Input file:     Image_data/color17695.bin
numObjs       = 8847
numCoords     = 9
numClusters   = 1000
threshold     = 0.000500
I/O time           =     0.0043 sec
Computation timing =     1.0520 sec


clusters[0]=  -0.10  -0.02  -0.37  -3.39  -0.04   0.00 -29.06   0.00  -0.00     *       clusters[0]=  -0.10  -0.02  -0.37  -3.39  -0.04   0.00 -29.06   0.00  -0.00
clusters[1]=  -0.02   0.69 -11.01   0.06   5.00  -1.58   0.02  -0.55   0.00     *       clusters[1]=  -0.02   0.69 -11.01   0.06   5.00  -1.58   0.02  -0.55   0.00
clusters[2]=   0.89  -0.01   0.00   1.04   0.00  -0.08  -0.33   0.02  -0.00     *       clusters[2]=   0.89  -0.01   0.00   1.04   0.00  -0.08  -0.33   0.02  -0.00
clusters[3]=   0.41   2.11 -74.27   0.21   0.22  -0.75   0.60  -0.01   0.00     *       clusters[3]=   0.41   2.11 -74.27   0.21   0.22  -0.75   0.60  -0.01   0.00
clusters[4]=  -0.08  -0.00   0.00  -0.01  -0.00   0.01  -0.03  -0.00   0.00     *       clusters[4]=  -0.08  -0.00   0.00  -0.01  -0.00   0.01  -0.03  -0.00   0.00
clusters[5]=   0.87  -0.00   0.00  -0.01  -0.01   0.00  -0.00  -0.00  -0.00     VS      clusters[5]=   0.87  -0.00   0.00  -0.01  -0.01   0.00  -0.00  -0.00  -0.00                 SAME
clusters[6]=   2.14  -0.00   0.00  -0.01  -0.00   0.01  -0.00   0.76  -0.77     *       clusters[6]=   2.14  -0.00   0.00  -0.01  -0.00   0.01  -0.00   0.76  -0.77
clusters[7]=   0.98  -0.01 -17.33  -0.00  11.32  -0.63  -0.58  -0.31   0.00     *       clusters[7]=   0.98  -0.01 -17.33  -0.00  11.32  -0.63  -0.58  -0.31   0.00
clusters[8]=  -0.03   0.22 -12.36  -0.13   0.10   0.01   0.00  -0.05   0.00     *       clusters[8]=  -0.03   0.22 -12.36  -0.13   0.10   0.01   0.00  -0.05   0.00
clusters[9]=  -0.03   0.00  -0.00  -0.59  13.96   0.04  -1.53  -0.00  -0.00     *       clusters[9]=  -0.03   0.00  -0.00  -0.59  13.96   0.04  -1.53  -0.00  -0.00

clusters[600]=   0.45   0.10 -16.40  -0.18   0.05  -0.66   0.62  -0.59   0.02       *       clusters[600]=   0.45   0.10 -16.40  -0.18   0.05  -0.66   0.62  -0.59   0.02
clusters[601]=   1.04   1.20   0.02  -1.17  -0.01  -0.10  -0.00  -7.46   0.00       *       clusters[601]=   1.04   1.20   0.02  -1.17  -0.01  -0.10  -0.00  -7.46   0.00
clusters[602]=   0.01  -0.01   0.00  12.20  -0.00   0.00   0.42   0.00   0.00       *       clusters[602]=   0.01  -0.01   0.00  12.20  -0.00   0.00   0.42   0.00   0.00
clusters[603]=   0.71   0.93 -28.48  -0.00   7.08  -0.38  -0.30   0.00  -0.02       *       clusters[603]=   0.71   0.93 -28.48  -0.00   7.08  -0.38  -0.30   0.00  -0.02
clusters[604]=  -0.00  -0.01   0.00   0.01   0.03  -0.39  -0.00   0.37  -0.44       *       clusters[604]=  -0.00  -0.01   0.00   0.01   0.03  -0.39  -0.00   0.37  -0.44
clusters[605]=   0.08   0.00   0.00   0.01   0.04  -0.14   0.00  -0.07   0.00       VS      clusters[605]=   0.08   0.00   0.00   0.01   0.04  -0.14   0.00  -0.07   0.00           SAME
clusters[606]=   0.03  -0.01  -0.00  -0.05   0.02  -0.08  -6.34   3.79  -1.22       *       clusters[606]=   0.03  -0.01  -0.00  -0.05   0.02  -0.08  -6.34   3.79  -1.22
clusters[607]=  -0.01  -0.00  -0.00   0.82   0.09  -0.01  -0.38   0.00  -0.00       *       clusters[607]=  -0.01  -0.00  -0.00   0.82   0.09  -0.01  -0.38   0.00  -0.00
clusters[608]=  -0.00  -0.00   0.00   0.00   0.00  -0.01  -1.45   0.04  -0.05       *       clusters[608]=  -0.00  -0.00   0.00   0.00   0.00  -0.01  -1.45   0.04  -0.05
clusters[609]=  -0.01   0.03 -17.53   1.70  -0.02   0.00   0.00   0.02  -0.04       *       clusters[609]=  -0.01   0.03 -17.53   1.70  -0.02   0.00   0.00   0.02  -0.04
clusters[610]=   1.26  27.42 -76.99  -0.01   1.94  -1.69   0.02  -0.01   0.00       *       clusters[610]=   1.26  27.42 -76.99  -0.01   1.94  -1.69   0.02  -0.01   0.00

clusters[990]=   0.86   0.05   0.00  -0.00  -0.01   0.02  -0.00   0.71  -0.20       *       clusters[990]=   0.86   0.05   0.00  -0.00  -0.01   0.02  -0.00   0.71  -0.20
clusters[991]=   0.30  19.42 -257.87  -0.12   0.98  -1.37  -0.00   0.05   0.00      *       clusters[991]=   0.30  19.42 -257.87  -0.12   0.98  -1.37  -0.00   0.05   0.00
clusters[992]=   0.45   0.04   0.00   0.02   0.06  -0.74   0.29  -0.78   0.00       *       clusters[992]=   0.45   0.04   0.00   0.02   0.06  -0.74   0.29  -0.78   0.00
clusters[993]=  -0.04  -0.00   0.00  -0.01  -0.01   0.00  -0.00  -0.00  -0.00       *       clusters[993]=  -0.04  -0.00   0.00  -0.01  -0.01   0.00  -0.00  -0.00  -0.00
clusters[994]=   0.31   0.01   0.00   0.00  -0.00  -0.01  -1.08   0.04   0.00       *       clusters[994]=   0.31   0.01   0.00   0.00  -0.00  -0.01  -1.08   0.04   0.00
clusters[995]=   0.57   0.31  -0.00  -0.58   0.47  -0.27  -0.84   0.00   0.00       VS      clusters[995]=   0.57   0.31  -0.00  -0.58   0.47  -0.27  -0.84   0.00   0.00           SAME
clusters[996]=   0.28   0.11  -0.01  -0.01   2.45  -0.33  -0.01  -1.42   0.00       *       clusters[996]=   0.28   0.11  -0.01  -0.01   2.45  -0.33  -0.01  -1.42   0.00
clusters[997]=   0.51   0.02   0.00   0.14   0.99  -1.46   0.02  -0.09   0.00       *       clusters[997]=   0.51   0.02   0.00   0.14   0.99  -1.46   0.02  -0.09   0.00
clusters[998]=   0.44   0.91 -19.10  -0.03   0.25  -0.26   0.17  -0.06   0.00       *       clusters[998]=   0.44   0.91 -19.10  -0.03   0.25  -0.26   0.17  -0.06   0.00
clusters[999]=   0.65  80.08 -16.53   0.01   0.82  -0.03  -0.04   0.00  -0.03       *       clusters[999]=   0.65  80.08 -16.53   0.01   0.82  -0.03  -0.04   0.00  -0.03

*****************************************************************************************************************

Input file:     Image_data/color17695.bin
numObjs       = 4423
numCoords     = 9
numClusters   = 1000
threshold     = 0.000500
I/O time           =     0.0031 sec
Computation timing =     0.2223 sec

clusters[0]=  -0.19  -0.04  -0.73  -6.78  -0.00   0.00 -58.13   0.00  -0.00     *       clusters[0]=  -0.10  -0.02  -0.37  -3.39  -0.04   0.00 -29.06   0.00  -0.00
clusters[1]=  -0.09   1.91 -30.83   0.19  12.47  -1.00   0.04  -1.39   0.00     *       clusters[1]=  -0.02   0.69 -11.01   0.06   5.00  -1.58   0.02  -0.55   0.00
clusters[2]=   0.74  -0.00   0.00   0.65  -0.00  -0.01  -0.70   0.03  -0.00     *       clusters[2]=   0.89  -0.01   0.00   1.04   0.00  -0.08  -0.33   0.02  -0.00
clusters[3]=   0.52   2.64 -92.83  -0.00   0.27  -0.92   0.76  -0.02   0.00     *       clusters[3]=   0.41   2.11 -74.27   0.21   0.22  -0.75   0.60  -0.01   0.00
clusters[4]=  -0.12  -0.00   0.01  -0.00  -0.00   0.03  -0.11   0.00   0.00     *       clusters[4]=  -0.08  -0.00   0.00  -0.01  -0.00   0.01  -0.03  -0.00   0.00
clusters[5]=   0.08   0.14  -2.34  -0.02   1.13  -2.55   0.06  -0.51  -0.00    VS       clusters[5]=   0.87  -0.00   0.00  -0.01  -0.01   0.00  -0.00  -0.00  -0.00              NOT SAME
clusters[6]=  -0.22  -0.14  -9.05  -0.01   0.00  -0.00   0.04   1.05  -0.78     *       clusters[6]=   2.14  -0.00   0.00  -0.01  -0.00   0.01  -0.00   0.76  -0.77
clusters[7]=   2.46  -0.04  -0.00   0.00   0.11   0.01  -1.70  -0.79   0.00     *       clusters[7]=   0.98  -0.01 -17.33  -0.00  11.32  -0.63  -0.58  -0.31   0.00
clusters[8]=  -0.04   0.97 -67.96  -0.68   0.59   0.03   0.01  -0.00   0.00     *       clusters[8]=  -0.03   0.22 -12.36  -0.13   0.10   0.01   0.00  -0.05   0.00
clusters[9]=  -0.06   0.00  -0.01  -1.17  25.12   0.00  -2.75  -0.00  -0.00     *       clusters[9]=  -0.03   0.00  -0.00  -0.59  13.96   0.04  -1.53  -0.00  -0.00
clusters[10]=  -0.18   0.12  -0.03  -0.49   0.01  -0.05   0.00   0.00   0.00    *       clusters[10]=  -0.06   0.01  -0.01  -0.14   1.08  -0.59   0.00  -0.01   0.00


clusters[600]=   1.14   0.15  -0.00  -0.52   0.13  -1.63   0.00  -1.47   0.02       *       clusters[600]=   0.45   0.10 -16.40  -0.18   0.05  -0.66   0.62  -0.59   0.02
clusters[601]=   0.00   0.01   0.00  -0.00   0.02  -0.20   0.00  -0.00   0.00       *       clusters[601]=   1.04   1.20   0.02  -1.17  -0.01  -0.10  -0.00  -7.46   0.00
clusters[602]=   0.00  -0.00  -0.00   0.00   0.00   0.00   0.00  -0.00   0.00       *       clusters[602]=   0.01  -0.01   0.00  12.20  -0.00   0.00   0.42   0.00   0.00
clusters[603]=   1.34   0.37  -0.01   0.01  14.14   0.07  -0.59   0.00  -0.02       *       clusters[603]=   0.71   0.93 -28.48  -0.00   7.08  -0.38  -0.30   0.00  -0.02
clusters[604]=  -0.02   0.00   0.00  -0.01   0.01  -0.00  -0.00   0.02  -0.44       *       clusters[604]=  -0.00  -0.01   0.00   0.01   0.03  -0.39  -0.00   0.37  -0.44
clusters[605]=  -0.00  -0.00   0.01   0.02   0.10  -0.29   0.00  -0.07   0.00      VS       clusters[605]=   0.08   0.00   0.00   0.01   0.04  -0.14   0.00  -0.07   0.00        NOT SAME
clusters[606]=   0.04  -0.01  -0.00  -0.07   0.03  -0.10  -7.92   4.52  -1.22       *       clusters[606]=   0.03  -0.01  -0.00  -0.05   0.02  -0.08  -6.34   3.79  -1.22
clusters[607]=   0.01  -0.01   0.00   2.87   0.23  -0.02  -0.00   0.00  -0.00       *       clusters[607]=  -0.01  -0.00  -0.00   0.82   0.09  -0.01  -0.38   0.00  -0.00
clusters[608]=  -0.01  -0.00  -0.00   0.00   0.01  -0.03  -3.63   0.02  -0.05       *       clusters[608]=  -0.00  -0.00   0.00   0.00   0.00  -0.01  -1.45   0.04  -0.05
clusters[609]=  -0.00  -0.76  -0.00  -0.71   0.00  -0.14  -0.13   0.00  -0.04       *       clusters[609]=  -0.01   0.03 -17.53   1.70  -0.02   0.00   0.00   0.02  -0.04
clusters[610]=   0.00  -0.28  -0.00  -0.00   0.00   0.00  -0.02  -0.00   0.00       *       clusters[610]=   1.26  27.42 -76.99  -0.01   1.94  -1.69   0.02  -0.01   0.00


clusters[990]=   0.86   0.05   0.00  -0.00  -0.01   0.02  -0.00   0.71  -0.20       *       clusters[990]=   0.86   0.05   0.00  -0.00  -0.01   0.02  -0.00   0.71  -0.20
clusters[991]=  -0.06  19.43 -257.87  -0.12  -0.01   0.02   0.00  -0.00   0.00      *       clusters[991]=   0.30  19.42 -257.87  -0.12   0.98  -1.37  -0.00   0.05   0.00
clusters[992]=   1.65   0.01  -0.00  -0.00   0.17  -1.74   0.51  -0.85   0.00       *       clusters[992]=   0.45   0.04   0.00   0.02   0.06  -0.74   0.29  -0.78   0.00
clusters[993]=   1.17   0.21  -0.00   1.16   0.70  -5.02  -0.71  -0.00  -0.00       *       clusters[993]=  -0.04  -0.00   0.00  -0.01  -0.01   0.00  -0.00  -0.00  -0.00
clusters[994]=   0.58  -0.00   0.00   0.00  -0.00  -0.01  -1.99   0.01   0.00       *       clusters[994]=   0.31   0.01   0.00   0.00  -0.00  -0.01  -1.08   0.04   0.00        NOT SAME
clusters[995]=   0.86   0.47  -0.00  -0.03   0.72  -0.44  -1.27   0.00   0.00       VS      clusters[995]=   0.57   0.31  -0.00  -0.58   0.47  -0.27  -0.84   0.00   0.00
clusters[996]=   0.86  -0.01   0.01   0.08   7.33  -0.82  -0.06  -4.26   0.00       *       clusters[996]=   0.28   0.11  -0.01  -0.01   2.45  -0.33  -0.01  -1.42   0.00
clusters[997]=   1.29  -0.00   0.00   0.63   1.21  -1.64   0.01  -0.09   0.00       *       clusters[997]=   0.51   0.02   0.00   0.14   0.99  -1.46   0.02  -0.09   0.00
clusters[998]=   1.61   3.38 -70.05  -0.00   0.66  -0.80   0.04  -0.00   0.00       *       clusters[998]=   0.44   0.91 -19.10  -0.03   0.25  -0.26   0.17  -0.06   0.00
clusters[999]=   0.84 102.96 -21.25   0.01   1.05  -0.03  -0.05   0.00  -0.03       *       clusters[999]=   0.65  80.08 -16.53   0.01   0.82  -0.03  -0.04   0.00  -0.03

*****************************************************************************************************************
