0 0.895814 0.000000 
1 -26.651592 0.080775 
2 -0.000310 0.029016 
3 -0.019518 0.917380 
4 -0.000204 0.090524 
5 0.000045 5.759490 
6 -0.115683 0.188539 
7 0.449582 0.332161 
8 -0.016677 395.059600 
9 0.514813 52.100737 
10 0.035188 -0.000722 
11 -0.004313 29.578152 
12 0.169399 0.000000 
13 -0.002387 -0.000884 
14 -0.009326 0.438021 
15 0.270512 0.000061 
16 -0.018243 0.000667 
17 0.223668 -0.000054 
18 -0.006023 0.000000 
19 -0.002131 0.156182 
20 0.000746 0.990364 
21 0.000208 0.013822 
22 0.944093 0.000140 
23 2.645294 0.287446 
24 -2.657105 0.969472 
25 0.203934 5.040279 
26 0.264798 0.055271 
27 -0.057543 0.431292 
28 0.071119 0.104037 
29 0.176854 0.140547 
30 3.925425 1.876904 
31 0.000068 0.105966 
32 -0.001253 31.084743 
33 0.864107 0.602987 
34 -0.000058 0.025925 
35 0.085308 37.508756 
36 1.281625 1.191936 
37 -0.002926 0.170957 
38 -0.003462 0.021280 
39 0.050573 0.003126 
40 0.632701 0.000126 
41 -0.000465 0.019428 
42 -0.016307 -0.000000 
43 0.826362 0.000090 
44 0.056696 -0.001331 
45 -0.001392 5.888742 
46 0.431061 -0.000032 
47 0.319102 0.006720 
48 0.049343 0.001534 
49 0.431617 0.977222 
50 -0.004058 0.000606 
51 -0.000000 0.445630 
52 0.094884 -0.000000 
53 -0.026038 0.000000 
54 -0.014354 0.701672 
55 0.002189 0.000000 
56 0.277501 0.002674 
57 -0.000591 1.363208 
58 0.012340 2.734341 
59 0.064120 0.000161 
60 -0.002069 0.000065 
61 -0.014539 -0.001579 
62 0.023875 -0.000000 
63 0.205176 -0.000000 
64 0.130153 -0.015441 
65 0.071565 0.000000 
66 0.039728 -0.000158 
67 0.100882 0.005694 
68 0.494562 -0.000000 
69 0.043373 2.965413 
70 0.170563 0.000001 
71 0.030478 0.000000 
72 0.066517 0.095054 
73 0.008039 0.000822 
74 0.021018 -0.000324 
75 4.436119 4.445464 
76 1.359664 1.461462 
77 0.004284 0.000000 
78 0.008820 0.000001 
79 0.128975 -0.000005 
80 0.087261 16.970353 
81 -0.031764 0.000002 
82 1.445527 2.114532 
83 -0.016690 0.008026 
84 -0.001461 -0.000000 
85 0.037726 0.000000 
86 0.018148 -0.243863 
87 0.325725 0.000000 
88 0.479729 2.269275 
89 -0.021288 -0.000002 
90 0.006583 -0.000075 
91 -0.001499 0.026242 
92 0.006928 0.958584 
93 0.078748 -0.000238 
94 0.000987 0.201028 
95 0.395215 0.002395 
96 -0.071417 1.255317 
97 0.004875 0.026937 
98 0.125724 -0.000000 
99 -0.001232 0.000000 
100 0.730434 7.877367 
101 0.001756 -0.000000 
102 0.272488 -0.000000 
103 -0.011347 -0.002253 
104 0.051102 22.321674 
105 0.404539 -0.000000 
106 0.001035 0.000000 
107 0.208254 0.000000 
108 0.003946 0.000014 
109 0.004008 0.000000 
110 -0.002293 0.257419 
111 0.077878 0.013224 
112 0.407560 0.000000 
113 0.080994 0.004265 
114 -0.032881 0.001797 
115 -0.013958 0.000000 
116 -0.026608 0.000038 
117 0.059558 -0.000000 
118 -0.052655 0.000000 
119 0.132336 0.000119 
120 0.401108 0.110077 
121 -0.010288 0.124617 
122 -0.026779 0.000001 
123 -0.074016 -0.000000 
124 -0.001206 -0.000414 
125 -0.016576 0.000000 
126 0.423789 -0.000000 
127 -0.003666 0.000000 
128 -0.003783 -0.000000 
129 0.010031 -0.000024 
130 0.622687 0.000002 
131 0.735748 0.401161 
132 -0.005879 -0.000071 
133 0.757671 0.000794 
134 0.576644 0.046092 
135 0.121206 -0.000000 
136 -0.007262 -0.000000 
137 -0.028820 -0.000006 
138 1.486280 0.008835 
139 -0.008228 0.000000 
140 -0.001034 -0.000130 
141 0.000730 -0.000002 
142 0.003297 0.000414 
143 -0.001441 -0.155802 
144 0.189573 251.419103 
145 -0.004090 -0.000000 
146 0.645945 -0.000015 
147 0.000013 0.001929 
148 0.020944 -0.115465 
149 0.000007 0.940184 
150 0.407607 0.001863 
151 0.317001 0.000096 
152 -0.004263 -0.000118 
153 1.716630 0.180371 
154 -0.009994 0.000000 
155 0.018010 0.000000 
156 0.285927 0.375944 
157 -0.011174 0.836644 
158 0.313550 15.064471 
159 1.083390 0.000365 
160 -0.161795 0.050664 
161 0.066940 -0.000001 
162 0.875080 0.000000 
163 0.179398 -0.001141 
164 0.000138 5.491494 
165 -0.013483 0.101122 
166 -0.028814 0.022052 
167 -0.009621 -0.000138 
168 0.088922 -0.000000 
169 0.014152 0.001356 
170 -0.015164 -0.000028 
171 -0.003570 0.770428 
172 -0.006181 0.000000 
173 0.281675 0.006410 
174 -0.084603 5.583943 
175 0.838847 0.000000 
176 0.008545 0.004544 
177 0.052003 -0.000085 
178 -0.022655 -0.094208 
179 0.583981 69.422418 
180 0.197803 -0.000788 
181 -0.011774 -0.078295 
182 0.084233 0.000040 
183 -0.023571 -0.000000 
184 0.047690 0.000000 
185 0.016395 -0.000621 
186 -0.000000 0.002104 
187 0.041081 0.000000 
188 0.925215 0.209980 
189 0.075341 0.030931 
190 0.000020 -0.000000 
191 -0.005078 0.014045 
192 0.222067 -0.007798 
193 -0.000452 0.007301 
194 0.006801 0.529009 
195 -0.005873 0.988344 
196 0.924258 0.009061 
197 0.431174 1.824281 
198 -0.040931 0.865946 
199 0.071584 0.001686 
200 0.011061 0.000003 
201 1.350296 0.114160 
202 0.041494 -0.000104 
203 0.007956 -0.000000 
204 0.203567 -0.000000 
205 0.000000 0.000000 
206 0.422133 1.440360 
207 0.049580 -0.032822 
208 0.007090 0.000000 
209 0.005947 0.000000 
210 0.117907 0.000000 
211 -0.221931 0.000372 
212 -0.002230 0.028942 
213 0.014610 -0.000100 
214 0.013279 0.000020 
215 0.063910 0.078556 
216 0.081196 23.844420 
217 0.002132 0.011549 
218 -0.000003 0.002136 
219 0.013896 0.000004 
220 0.361112 0.000006 
221 -0.000809 -0.000009 
222 -0.004672 -0.002684 
223 -0.007520 1.333641 
224 -0.027265 0.040891 
225 0.004547 -0.000000 
226 0.342483 0.000216 
227 0.001557 0.000000 
228 0.453350 -0.000000 
229 0.719586 0.028263 
230 0.218167 -0.000000 
231 0.327756 -0.000001 
232 0.290499 -0.000000 
233 0.046447 -0.000000 
234 0.121707 -0.000000 
235 0.196701 -0.000005 
236 -0.026602 0.108867 
237 -0.014257 0.000338 
238 0.004727 -1.761479 
239 0.035209 0.000000 
240 0.274449 0.001184 
241 0.006300 -0.000000 
242 -0.056383 0.017940 
243 1.837811 4.342408 
244 0.042844 0.000000 
245 0.032311 0.001750 
246 -0.006393 -0.000000 
247 -0.001003 0.113603 
248 0.459398 0.012058 
249 0.655805 0.001833 
250 0.014389 3.177287 
251 1.510516 0.000100 
252 0.399082 0.000115 
253 1.112451 -0.000000 
254 -0.000091 0.000000 
255 -0.000000 0.000362 
256 0.084781 14.740493 
257 0.565212 0.000005 
258 -0.026888 0.000000 
259 0.000000 1.493520 
260 0.014103 0.029286 
261 -0.022905 0.002756 
262 0.004493 -0.003414 
263 1.297494 0.050231 
264 -0.000661 0.007925 
265 -0.020579 -0.000305 
266 -0.014856 0.891379 
267 0.246616 0.000000 
268 1.656861 0.000000 
269 0.020032 -0.012276 
270 0.014922 0.000000 
271 -0.000000 0.951008 
272 0.096545 1.106952 
273 0.167836 -0.027724 
274 0.003176 0.116483 
275 0.002731 -0.000010 
276 0.000001 1.128712 
277 -0.000423 1.101328 
278 -0.000420 4.181088 
279 -0.044991 0.051248 
280 0.021344 0.006042 
281 0.011514 0.194535 
282 0.356154 28.347490 
283 0.671742 12.756742 
284 1.346223 0.005095 
285 -0.028824 -0.000079 
286 -0.000352 0.174839 
287 -0.023845 0.000015 
288 2.014436 2.031687 
289 0.037778 0.000001 
290 -0.008935 -0.000000 
291 0.059881 -0.017926 
292 0.003144 0.014228 
293 0.161986 -0.009592 
294 0.002517 -0.000958 
295 0.071080 0.328790 
296 0.142406 0.009997 
297 0.907404 0.056041 
298 -0.057706 7.444754 
299 0.176934 -0.000030 
300 0.006562 0.072515 
301 0.004650 -0.000122 
302 -0.022032 0.000000 
303 0.017709 -0.000000 
304 -0.013223 0.000000 
305 -0.001367 0.000000 
306 0.318937 -0.000000 
307 -0.000219 5.789330 
308 -0.007152 0.024693 
309 0.021240 0.000152 
310 0.725627 -0.000182 
311 -0.014601 0.084700 
312 -0.000000 0.000000 
313 -0.005477 -0.020362 
314 -0.004342 -0.000165 
315 0.008418 -0.000839 
316 0.000008 0.147270 
317 0.025636 0.160020 
318 -0.000010 1.146272 
319 2.470428 0.027957 
320 0.249716 0.000370 
321 2.031654 8.409395 
322 0.007921 0.000000 
323 0.331834 0.457192 
324 0.226787 -0.000003 
325 0.010000 0.000003 
326 -0.006107 -0.000148 
327 0.170479 -0.000000 
328 -0.000451 2.163189 
329 0.013487 0.018831 
330 0.061403 0.027153 
331 0.327474 0.306057 
332 -0.026747 -0.197949 
333 -0.015115 0.014156 
334 0.110142 0.000011 
335 3.759249 14.387749 
336 0.032269 0.221418 
337 0.146464 0.000000 
338 0.944235 -0.000097 
339 -0.004454 0.000008 
340 0.008268 0.000913 
341 0.856061 672.409224 
342 -0.000042 0.000642 
343 0.006046 -0.000055 
344 -0.019360 0.001480 
345 0.107221 0.232889 
346 -0.000169 -0.002465 
347 -0.029369 4.277147 
348 0.779013 2.615871 
349 0.061228 0.000000 
350 0.017491 0.025522 
351 0.054149 0.000681 
352 -0.030478 0.016678 
353 0.036083 -0.000000 
354 0.897292 183.457237 
355 -0.000388 -0.000000 
356 -0.000309 0.119789 
357 -0.017435 0.000002 
358 -0.006769 -0.000000 
359 0.030393 -0.000001 
360 0.113298 -0.000017 
361 -0.005628 0.000004 
362 -0.010639 0.000000 
363 0.038549 -0.000174 
364 0.210118 33.100944 
365 0.377832 -0.000020 
366 0.021588 -0.000000 
367 0.001111 -0.000362 
368 0.227561 -0.000000 
369 0.000000 0.001779 
370 0.424620 0.030038 
371 -0.067728 0.001591 
372 -0.022666 0.017635 
373 -0.011149 0.001892 
374 0.655881 -0.000000 
375 -0.003917 -0.002847 
376 0.001617 0.000000 
377 -0.016846 3.947417 
378 -0.036000 0.019811 
379 0.057927 0.240563 
380 0.016528 0.021708 
381 0.060261 0.003038 
382 -0.030258 -0.000045 
383 0.921307 0.468068 
384 0.599539 0.020285 
385 0.039707 0.093020 
386 -0.011051 -0.000224 
387 0.025491 0.001718 
388 3.323115 1.907449 
389 0.185672 -0.006975 
390 0.000785 0.009589 
391 0.004266 -0.000001 
392 -0.000244 -0.853828 
393 0.071613 -0.010835 
394 0.002610 0.000015 
395 0.213673 0.036721 
396 -0.017883 -0.000006 
397 -0.015519 0.001991 
398 0.526891 0.013465 
399 0.000489 0.000307 
400 -0.080645 0.015199 
401 0.366955 -0.000000 
402 0.009199 -0.004450 
403 0.507759 0.079498 
404 0.031466 -0.000000 
405 -0.005425 0.000320 
406 -0.015189 0.000048 
407 -0.012500 21.270476 
408 -0.000032 0.047861 
409 0.001284 0.000255 
410 0.110237 0.122198 
411 -0.031023 0.000005 
412 -0.008184 0.000005 
413 0.803252 11.127094 
414 0.177755 -0.000000 
415 0.021749 0.000000 
416 0.007523 0.000000 
417 0.032189 7.592571 
418 0.020141 0.026819 
419 0.443135 0.032518 
420 0.214000 0.022585 
421 0.147203 -0.000408 
422 -0.016217 -0.000001 
423 0.045268 1.403823 
424 0.040396 1.559563 
425 0.005165 -0.002052 
426 -0.000269 0.811830 
427 -0.019666 0.216773 
428 1.783613 26.256676 
429 0.042070 2.230717 
430 -0.000568 -0.000000 
431 -0.015703 -0.000399 
432 -0.003836 0.001319 
433 -0.003855 -0.000036 
434 0.863771 9.937119 
435 -0.000001 4.550290 
436 -0.004407 0.000000 
437 0.035309 0.081004 
438 0.075120 0.074936 
439 0.149226 0.000028 
440 0.034931 3.570777 
441 0.030149 0.040034 
442 -0.029416 -0.000000 
443 -0.022393 0.000000 
444 0.000005 0.168124 
445 0.001277 0.029586 
446 0.026200 0.000404 
447 0.067771 -0.000000 
448 0.001255 -0.003698 
449 1.267817 0.206119 
450 -0.000000 0.130909 
451 0.555760 0.495192 
452 -0.001116 0.000293 
453 0.020464 0.023027 
454 1.797458 0.018603 
455 0.937670 91.809914 
456 0.006564 0.000006 
457 0.042773 0.000468 
458 0.003673 0.000000 
459 0.006422 0.000001 
460 0.020474 -0.000001 
461 0.296328 0.000777 
462 0.076943 -0.000000 
463 -0.010583 0.000230 
464 0.826276 5.304793 
465 0.221474 -0.000000 
466 -0.003197 -0.000193 
467 -0.041079 0.558889 
468 1.322342 0.000000 
469 0.642556 0.000376 
470 -0.000000 0.119438 
471 -0.027549 0.042951 
472 0.234353 -0.001899 
473 4.252505 0.000047 
474 1.263610 2.334023 
475 0.034090 0.000000 
476 0.016865 -0.000059 
477 0.006182 0.000012 
478 0.214061 -0.000008 
479 0.077497 0.000146 
480 2.252570 0.000244 
481 0.884102 0.197579 
482 -0.028603 0.000000 
483 0.042140 0.034889 
484 0.987591 0.004744 
485 0.293209 2.812578 
486 -0.007757 0.085495 
487 -0.046452 0.320099 
488 -0.000000 0.985264 
489 -0.020242 0.000094 
490 -0.051369 0.000000 
491 1.063960 0.007914 
492 -0.026951 -0.000000 
493 0.146789 -0.000000 
494 0.000033 0.000000 
495 -0.023527 -0.000134 
496 -0.007029 0.000000 
497 0.048637 0.000000 
498 0.000483 0.014319 
499 0.119463 0.000499 
500 0.028179 -0.000022 
501 0.015159 0.000000 
502 0.189868 0.000436 
503 -0.013715 0.000000 
504 -0.000000 1.515584 
505 1.503086 0.002292 
506 2.394969 0.151575 
507 0.060370 -0.001742 
508 -0.001522 0.000013 
509 0.341030 0.000073 
510 -0.002117 0.000000 
511 0.025200 -0.000553 
512 -0.000010 24.894578 
513 -0.002040 -0.000000 
514 0.019272 0.028605 
515 0.393847 -0.000001 
516 0.202352 0.000000 
517 0.111830 3.653265 
518 0.000601 0.007140 
519 -0.016994 0.104800 
520 0.720144 0.273741 
521 1.708192 0.117128 
522 0.011492 0.001905 
523 0.025350 0.000000 
524 0.111902 -0.000051 
525 1.806264 6.941153 
526 0.000513 0.024357 
527 -0.000742 -0.004997 
528 0.067501 0.000000 
529 0.042239 2.137649 
530 -0.070750 0.247915 
531 -0.000452 0.000000 
532 -0.010489 0.000001 
533 0.142408 -0.000000 
534 0.374119 -0.000000 
535 0.477933 0.000000 
536 -0.148523 0.001309 
537 -0.004131 0.000001 
538 -0.000000 22.881412 
539 0.049317 0.000003 
540 0.361444 0.014596 
541 0.030193 0.000003 
542 -0.124248 0.166703 
543 -0.000259 0.000001 
544 -0.013500 0.170193 
545 0.132415 0.000003 
546 0.696364 4.696535 
547 0.314451 0.000000 
548 -0.002570 0.039331 
549 -0.011121 -0.000000 
550 -0.012565 0.000123 
551 0.054407 -0.000000 
552 -0.001194 0.000000 
553 1.569360 0.000001 
554 -0.045752 0.000004 
555 0.747391 0.000000 
556 0.753944 2.890830 
557 0.069406 0.133974 
558 0.093216 -0.000000 
559 1.743814 0.049367 
560 0.000000 0.173103 
561 0.031051 -0.000007 
562 0.207862 -0.000067 
563 0.001724 -0.000000 
564 0.007187 0.007721 
565 -0.000000 0.051564 
566 -0.005828 -0.000000 
567 0.040578 0.008226 
568 0.008346 0.000169 
569 -0.000008 0.000000 
570 0.162108 0.000000 
571 -0.000052 19.940426 
572 -0.020080 -0.000000 
573 0.048719 -0.024001 
574 0.004637 -0.000000 
575 0.633923 0.000000 
576 -0.011402 0.253323 
577 0.006430 0.000004 
578 0.001802 0.017561 
579 -0.015463 0.000381 
580 -0.003015 0.000653 
581 0.012590 -0.000204 
582 0.021537 0.000811 
583 0.023283 0.024957 
584 2.079424 0.336966 
585 -0.007763 -0.000109 
586 -0.020356 -0.000001 
587 -0.000000 0.000000 
588 0.052064 0.010411 
589 -0.016748 0.000000 
590 1.081910 0.000009 
591 1.948496 0.089194 
592 0.001305 -0.000000 
593 0.772418 0.000388 
594 0.007628 0.000046 
595 -0.008153 0.000000 
596 0.000006 0.084163 
597 0.000000 0.000368 
598 -0.001606 0.000079 
599 0.001936 0.000000 
600 0.040667 0.000002 
601 -0.022679 0.014993 
602 0.354465 -0.004022 
603 0.227860 0.000054 
604 -0.000001 0.166126 
605 0.657899 1.019503 
606 -0.000000 0.001449 
607 0.038250 -0.000001 
608 0.566707 0.000042 
609 0.041542 -0.000041 
610 -0.015436 2.996909 
611 0.750051 0.000207 
612 0.004160 0.028774 
613 0.087970 -0.000000 
614 -0.000976 0.016221 
615 0.702753 -0.000001 
616 0.423365 0.000036 
617 -0.000272 3.992831 
618 -0.007675 0.000001 
619 1.333122 0.048658 
620 -0.020808 0.000000 
621 -0.003860 -0.000000 
622 -0.004524 0.001095 
623 0.354262 -0.000001 
624 0.565647 0.010594 
625 -0.025017 0.932836 
626 0.271757 -0.000013 
627 -0.028354 0.000026 
628 0.171217 0.012170 
629 0.000299 -0.000000 
630 0.064083 -0.000000 
631 0.000058 0.252244 
632 -0.023122 -0.000000 
633 -0.001695 0.058627 
634 -0.074065 0.000001 
635 -0.001089 0.000000 
636 -0.013283 0.000000 
637 -0.007355 6.260602 
638 0.049586 0.421626 
639 0.191910 0.000268 
640 0.450866 0.012005 
641 -0.007428 7.946779 
642 0.252588 0.003493 
643 0.021486 0.000000 
644 0.000393 1.057513 
645 0.027159 0.054347 
646 0.000000 0.118643 
647 0.000241 0.013935 
648 0.001213 0.000045 
649 -0.015524 0.026706 
650 1.329263 1.627390 
651 0.000014 0.002572 
652 -0.000042 0.001652 
653 -0.004915 -0.000113 
654 -0.015451 -0.000003 
655 -0.005570 -0.000057 
656 0.212265 0.228258 
657 -0.010526 0.000183 
658 0.043535 0.111539 
659 -0.064370 -0.000000 
660 -0.005911 0.000852 
661 0.004313 0.000018 
662 0.774947 -0.000000 
663 -0.000548 0.000000 
664 0.428226 0.003341 
665 0.269230 1.859260 
666 0.014552 1.665465 
667 0.134535 -0.000000 
668 0.747904 0.027487 
669 -0.080624 -0.000000 
670 -0.069419 0.000000 
671 0.097630 -0.000384 
672 -0.173544 0.000380 
673 0.339772 0.000179 
674 -0.193933 1.972073 
675 -0.019166 -0.000035 
676 -0.007933 0.000002 
677 0.023366 0.050973 
678 -0.000617 0.000000 
679 0.019175 0.043798 
680 0.130881 0.000011 
681 0.730396 1.757908 
682 -0.103869 0.114916 
683 0.438574 0.000063 
684 0.487354 0.364573 
685 0.149578 0.000000 
686 0.066680 -0.000151 
687 0.934405 0.000000 
688 -0.009968 -0.000000 
689 0.054967 0.000190 
690 0.954285 0.003876 
691 0.004689 0.000522 
692 0.192352 -0.000001 
693 0.053155 0.000074 
694 -0.024406 0.012361 
695 0.179850 3.332683 
696 0.016900 9.225389 
697 0.832877 0.001376 
698 0.037633 -0.000291 
699 0.004272 0.009196 
700 0.003273 -0.000006 
701 -0.069076 0.003755 
702 -0.000066 0.107995 
703 -0.005107 0.000000 
704 -0.000117 0.002795 
705 0.022549 0.007532 
706 -0.000681 -0.000000 
707 -0.021714 133.551840 
708 0.022237 0.000000 
709 0.342579 0.000974 
710 0.093904 0.015860 
711 1.611579 0.011724 
712 -0.000027 0.153419 
713 0.072367 0.000223 
714 -0.024408 7.359128 
715 1.967881 0.002835 
716 0.024433 -0.000278 
717 0.113828 3.468343 
718 0.000005 0.007938 
719 0.000177 0.041778 
720 -0.046164 2.506315 
721 0.000244 0.262608 
722 7.662243 0.001411 
723 0.034506 -0.000000 
724 0.000858 0.000000 
725 0.000122 -0.000000 
726 0.000515 0.348684 
727 -0.028067 -0.000000 
728 0.162678 0.013660 
729 -0.010837 0.000316 
730 0.078503 6.684317 
731 -0.017909 0.000175 
732 0.004651 -0.000583 
733 0.065028 0.121736 
734 0.007773 0.028889 
735 0.131441 -0.000039 
736 0.085965 0.000014 
737 0.000014 0.000363 
738 0.074643 0.000882 
739 0.041314 0.000749 
740 0.220754 -0.000004 
741 -0.019025 0.006975 
742 0.029164 0.775533 
743 -0.007828 -0.000004 
744 0.039799 0.008627 
745 0.032127 0.000000 
746 0.899143 0.000000 
747 -0.009559 0.000000 
748 -0.007038 -0.000001 
749 -0.092116 0.063252 
750 -0.049621 0.223991 
751 0.960492 3.849518 
752 0.045175 0.665100 
753 0.125152 -0.048170 
754 0.000039 0.007957 
755 0.261288 -0.003143 
756 -0.000006 7.173411 
757 0.492713 -0.000018 
758 0.051837 0.000000 
759 -0.001063 0.000003 
760 0.234580 -0.000007 
761 0.000049 2.922977 
762 -0.008832 -0.000000 
763 0.226057 -0.000212 
764 0.827708 -0.000000 
765 -0.021239 0.181821 
766 -0.018757 0.000058 
767 0.077226 -0.000013 
768 0.359121 -0.001063 
769 -0.005271 0.041362 
770 -0.022821 0.000033 
771 0.417597 -0.000005 
772 0.281689 -0.001002 
773 0.314593 -0.000014 
774 -0.006795 -0.065602 
775 -0.000983 0.000044 
776 1.043134 0.052773 
777 -0.001119 0.000545 
778 0.074712 -0.000000 
779 0.000092 0.129441 
780 -0.005631 0.788450 
781 0.032588 3.730477 
782 0.006011 -0.055758 
783 0.575885 0.038850 
784 -0.002925 -0.000000 
785 0.459272 0.000197 
786 -0.012257 0.001815 
787 -0.000005 0.018375 
788 -0.029941 0.000000 
789 -0.005891 -0.000000 
790 0.897198 0.008304 
791 0.020011 -0.000000 
792 0.035604 0.000001 
793 -0.118712 1.294628 
794 -0.014187 -0.380970 
795 0.000171 7.284963 
796 0.291898 -0.000000 
797 0.006048 0.000000 
798 0.192569 -0.000003 
799 -0.005257 0.020792 
800 0.632569 0.000000 
801 0.006082 0.000277 
802 0.488178 -0.000000 
803 -0.000908 0.011979 
804 -0.001556 0.000007 
805 0.106324 0.000000 
806 0.055354 0.000001 
807 -0.013118 0.053478 
808 0.055435 0.002482 
809 0.418618 0.046784 
810 0.405707 0.000000 
811 0.115815 0.001392 
812 0.317143 0.000000 
813 0.046681 0.005464 
814 0.000000 3.113368 
815 0.005978 0.000000 
816 0.007131 0.087875 
817 -0.006511 -0.013839 
818 -0.009718 0.011308 
819 0.624384 0.000000 
820 0.081750 0.002068 
821 0.083056 -0.000034 
822 -0.005743 0.000398 
823 0.116912 0.000022 
824 0.000412 7.205712 
825 0.761961 0.103210 
826 0.065242 -0.001445 
827 0.033064 0.000000 
828 0.000000 0.011886 
829 0.141520 0.000010 
830 -0.013943 0.000023 
831 -0.018475 4.218240 
832 -0.009007 0.000000 
833 -0.013660 0.102528 
834 0.010626 0.086394 
835 0.011935 30.281246 
836 0.211156 0.000000 
837 -0.023403 0.000069 
838 -0.001246 -0.000000 
839 0.477280 -0.000003 
840 -0.000463 0.000000 
841 -0.000000 0.011901 
842 1.806738 0.077088 
843 0.608029 0.000238 
844 -0.037728 0.000000 
845 0.076716 -0.040378 
846 0.160036 -0.000143 
847 1.337977 0.001269 
848 0.082018 0.004381 
849 -0.044199 2.424988 
850 -0.006406 0.000363 
851 -0.019403 -0.000001 
852 -0.001452 -0.000000 
853 0.084040 -0.000011 
854 0.108721 0.000050 
855 0.006022 0.000001 
856 -0.005076 0.068003 
857 0.041570 0.002727 
858 0.085498 -0.000000 
859 -0.013374 1.840155 
860 -0.022203 -0.000000 
861 0.046071 0.000625 
862 0.037048 -0.000061 
863 -0.049724 0.023563 
864 0.173661 0.000049 
865 0.029521 0.002987 
866 0.006349 0.037843 
867 0.092759 -0.000001 
868 -0.107943 0.016974 
869 -0.015727 -0.000000 
870 0.036432 -0.000000 
871 0.785922 -0.000063 
872 -0.000018 2.182528 
873 0.049059 -0.006178 
874 -0.053681 0.000155 
875 0.112718 3.081745 
876 0.009295 0.000131 
877 0.012561 0.052188 
878 0.010723 -0.574158 
879 0.262816 0.000717 
880 0.293847 0.732065 
881 0.082217 0.000007 
882 -0.006388 0.001768 
883 -0.003873 0.000002 
884 0.010446 0.000000 
885 -0.002231 0.000000 
886 0.589155 0.412914 
887 -0.011945 0.002204 
888 0.011575 0.000121 
889 -0.004603 -0.000432 
890 0.002341 -0.000000 
891 0.053169 -0.000345 
892 0.015405 0.000017 
893 0.256517 6.035947 
894 0.133485 -0.005496 
895 -0.004179 -0.000000 
896 -0.020575 0.000000 
897 1.107773 0.000000 
898 0.094528 -0.000927 
899 -0.004470 -0.000000 
900 0.063382 0.044851 
901 -0.043525 0.000007 
902 -0.021498 -0.000000 
903 0.016344 0.000366 
904 0.112358 -0.000482 
905 0.155386 0.000002 
906 0.065414 0.000000 
907 0.277862 0.056486 
908 -0.025296 0.002926 
909 -0.026516 -0.000000 
910 0.054296 -0.000091 
911 0.018969 0.137561 
912 0.010896 2.682217 
913 -0.021287 0.000045 
914 0.059098 0.012798 
915 0.043605 0.123582 
916 -0.009167 -0.000002 
917 0.220885 0.000010 
918 -0.007425 -0.000000 
919 0.388307 0.083275 
920 0.825008 0.011993 
921 -0.004244 -0.000518 
922 -0.021625 0.000000 
923 -0.010245 -0.000461 
924 0.852381 0.000106 
925 -0.026736 0.000000 
926 0.048973 0.015510 
927 0.969945 0.003235 
928 0.003978 0.000000 
929 0.002283 0.000013 
930 -0.017944 0.000000 
931 0.051230 0.000157 
932 0.157376 0.000938 
933 0.000006 0.000086 
934 -0.019724 -0.000012 
935 0.012384 0.391209 
936 0.062299 0.017232 
937 -0.000433 0.000000 
938 0.066103 -0.000126 
939 0.004201 -0.001225 
940 0.114866 0.004005 
941 0.063414 0.000000 
942 -0.027748 0.000081 
943 -0.015349 -0.000026 
944 0.004785 0.022336 
945 0.095747 18.044170 
946 -0.004688 0.000000 
947 0.004714 0.000697 
948 0.084189 -0.000000 
949 -0.024996 -0.000449 
950 0.242803 0.000575 
951 0.240205 -0.000262 
952 0.009402 0.000084 
953 0.279888 -0.000048 
954 1.313186 0.000111 
955 1.805066 0.008464 
956 0.045285 -0.008858 
957 0.014203 -0.000002 
958 0.191814 0.098185 
959 0.220377 -0.000002 
960 -0.009262 0.000354 
961 0.040854 0.000000 
962 0.032986 0.000012 
963 0.635390 -0.000668 
964 0.076641 -0.000000 
965 0.748923 0.000000 
966 0.424912 0.001354 
967 0.966225 0.183826 
968 0.022828 0.049949 
969 -0.025912 0.016509 
970 0.429447 0.357320 
971 0.026555 13.764077 
972 0.011768 0.060784 
973 -0.043229 0.000000 
974 -0.041449 0.001955 
975 -0.044300 0.055662 
976 0.122856 -0.000422 
977 0.088688 0.014844 
978 0.224514 0.002045 
979 -0.025593 -0.000000 
980 0.001100 -0.000001 
981 0.003953 0.000000 
982 0.041681 0.000000 
983 -0.019945 0.000030 
984 0.002392 0.000019 
985 0.610687 0.000002 
986 0.031019 -0.000000 
987 -0.000398 0.000000 
988 -0.012609 0.000009 
989 0.134874 0.000000 
990 0.014946 15.533731 
991 -0.061137 0.478180 
992 0.231454 0.000000 
993 0.252497 0.001031 
994 0.041105 -0.000000 
995 0.169473 0.000077 
996 0.110135 0.000327 
997 -0.037923 0.010845 
998 -0.000000 0.010992 
999 43.153541 0.050470 
